0.001	2.4138668359671898
0.0010232929922807535	2.4047219147027126
0.0010471285480508996	2.3955773057087257
0.001071519305237606	2.3864330125049324
0.0010964781961431851	2.377289038662665
0.001122018454301963	2.3681453878058143
0.0011481536214968829	2.359002063611762
0.001174897554939529	2.349859069812332
0.001202264434617413	2.3407164101947675
0.0012302687708123812	2.3315740886027325
0.0012589254117941675	2.3224321089373183
0.0012882495516931337	2.3132904751580905
0.0013182567385564075	2.3041491912841456
0.0013489628825916532	2.2950082613951945
0.0013803842646028853	2.285867689632669
0.001412537544622754	2.2767274802008535
0.001445439770745928	2.2675876373680377
0.0014791083881682072	2.258448165467699
0.0015135612484362087	2.2493090688997053
0.0015488166189124811	2.240170352131551
0.001584893192461114	2.231032019699615
0.0016218100973589297	2.2218940762104467
0.0016595869074375613	2.212756526342085
0.0016982436524617442	2.203619374845403
0.0017378008287493763	2.1944826265454833
0.0017782794100389228	2.185346286343027
0.0018197008586099826	2.176210359215795
0.0018620871366628676	2.167074850220073
0.0019054607179632482	2.157939764492188
0.0019498445997580456	2.148805107250043
0.001995262314968879	2.139670883794697
0.0020417379446695297	2.1305370995119763
0.0020892961308540386	2.1214037598741324
0.0021379620895022326	2.1122708704415283
0.002187761623949552	2.103138436864374
0.00223872113856834	2.0940064648844965
0.0022908676527677724	2.084874960337162
0.0023442288153199225	2.0757439291529307
0.00239883291901949	2.066613377359567
0.002454708915685031	2.0574833110839923
0.0025118864315095794	2.048353736554285
0.0025703957827688645	2.039224660101734
0.0026302679918953813	2.0300960881629453
0.0026915348039269166	2.0209680272819903
0.002754228703338166	2.011840484112629
0.002818382931264455	2.0027134654205674
0.0028840315031266055	1.9935869780857984
0.002951209226666387	1.9844610291049767
0.003019951720402016	1.9753356255938794
0.003090295432513592	1.9662107747899191
0.0031622776601683794	1.9570864840547277
0.003235936569296281	1.9479627608768084
0.003311311214825911	1.9388396128742609
0.0033884415613920273	1.929717047797584
0.0034673685045253167	1.9205950735325472
0.0035481338923357532	1.9114736981031497
0.003630780547701014	1.9023529296746595
0.003715352290971728	1.8932327765567374
0.0038018939632056127	1.8841132472066526
0.003890451449942805	1.874994350232587
0.003981071705534973	1.8658760943970376
0.004073802778041126	1.8567584886203188
0.004168693834703355	1.847641541984165
0.004265795188015926	1.8385252637354421
0.004365158322401661	1.829409663289968
0.0044668359215096305	1.820294750236453
0.004570881896148752	1.8111805343405567
0.004677351412871981	1.8020670255490663
0.004786300923226385	1.7929542339942117
0.004897788193684461	1.7838421699981117
0.005011872336272725	1.7747308440773553
0.005128613839913648	1.7656202669477417
0.005248074602497723	1.7565104495291535
0.005370317963702527	1.747401402950606
0.005495408738576248	1.738293138555454
0.005623413251903491	1.729185667906758
0.005754399373371567	1.7200790027928536
0.00588843655355589	1.710973155233079
0.0060255958607435805	1.7018681374837203
0.006165950018614822	1.6927639620441441
0.00630957344480193	1.6836606416631406
0.006456542290346556	1.6745581893454977
0.006606934480075964	1.6654566183587927
0.006760829753919818	1.6563559422404264
0.006918309709189363	1.6472561748049082
0.00707945784384138	1.638157330151402
0.007244359600749898	1.629059422671541
0.007413102413009177	1.6199624670575288
0.007585775750291836	1.6108664783105382
0.00776247116628692	1.6017714717494127
0.007943282347242814	1.5926774630197038
0.008128305161640995	1.5835844681030353
0.008317637711026709	1.5744925033268309
0.008511380382023767	1.5654015853744017
0.008709635899560805	1.5563117312954287
0.008912509381337459	1.5472229585168453
0.009120108393559097	1.538135284854148
0.009332543007969905	1.5290487285231398
0.009549925860214359	1.519963308152152
0.009772372209558112	1.5108790427947316
0.01	1.5017959519428543
0.010232929922807542	1.4927140555406606
0.010471285480508996	1.483633373998743
0.010715193052376065	1.4745539282090239
0.01096478196143185	1.4654757395602411
0.011220184543019636	1.4563988299540678
0.01148153621496883	1.4473232218219083
0.011748975549395297	1.4382489381423864
0.012022644346174132	1.4291760024595739
0.012302687708123818	1.4201044389019912
0.012589254117941675	1.4110342722023996
0.012882495516931342	1.4019655277184553
0.013182567385564075	1.3928982314542389
0.01348962882591654	1.3838324100827164
0.013803842646028852	1.3747680909691677
0.014125375446227547	1.3657053021956416
0.014454397707459272	1.3566440725864737
0.014791083881682071	1.3475844317349275
0.01513561248436208	1.3385264100310088
0.01548816618912481	1.329470038690512
0.015848931924611134	1.3204153497853577
0.0162181009735893	1.3113623762752837
0.016595869074375606	1.3023111520409538
0.016982436524617443	1.2932617119185585
0.017378008287493755	1.284214091735972
0.01778279410038923	1.2751683283505504
0.018197008586099836	1.266124459688642
0.018620871366628676	1.257082524786895
0.019054607179632473	1.24804256383546
0.019498445997580455	1.23900461822316
0.0199526231496888	1.229968730584743
0.020417379446695295	1.2209349448503002
0.020892961308540396	1.2119033062969768
0.021379620895022326	1.202873861603057
0.02187761623949553	1.1938466589045664
0.0223872113856834	1.1848217478544976
0.022908676527677734	1.1757991796847835
0.023442288153199226	1.1667790072711655
0.02398832919019491	1.1577612852010741
0.02454708915685031	1.1487460698446894
0.025118864315095808	1.1397334194293103
0.025703957827688632	1.1307233941172141
0.026302679918953815	1.1217160560871495
0.026915348039269153	1.1127114696196543
0.02754228703338166	1.1037097011863635
0.028183829312644536	1.0947108195435111
0.028840315031266057	1.0857148958298046
0.029512092266663854	1.0767220036688967
0.03019951720402016	1.0677322192766512
0.030902954325135904	1.058745621573439
0.03162277660168379	1.0497622923016825
0.03235936569296283	1.0407823161489071
0.03311311214825911	1.0318057808765362
0.033884415613920256	1.0228327774546961
0.034673685045253165	1.013863400203312
0.03548133892335755	1.004897746939758
0.03630780547701014	0.9959359191333728
0.03715352290971726	0.9869780220671331
0.038018939632056124	0.9780241650068047
0.03890451449942807	0.9690744613778972
0.039810717055349734	0.9601290289507549
0.04073802778041128	0.9511879900341383
0.04168693834703355	0.9422514716776534
0.04265795188015928	0.9333196058833957
0.04365158322401661	0.9243925298271991
0.04466835921509633	0.9154703860898756
0.04570881896148752	0.9065533228988516
0.046773514128719815	0.8976414943806146
0.047863009232263824	0.8887350608243958
0.04897788193684462	0.8798341889575175
0.05011872336272722	0.8709390522328522
0.05128613839913648	0.862049831128837
0.05248074602497726	0.853166713462505
0.05370317963702527	0.8442898947159924
0.054954087385762455	0.8354195783769902
0.05623413251903491	0.8265559762936086
0.057543993733715694	0.8176993090441232
0.0588843655355589	0.8088498063220824
0.06025595860743578	0.8000077073372264
0.06165950018614822	0.7911732612326988
0.06309573444801933	0.7823467275189906
0.06456542290346556	0.7735283765250681
0.06606934480075961	0.7647184898671011
0.06760829753919818	0.755917360935218
0.06918309709189366	0.7471252953986498
0.0707945784384138	0.7383426117296487
0.07244359600749903	0.7295696417464794
0.07413102413009177	0.720806731175789
0.0758577575029184	0.712054240234582
0.07762471166286919	0.703312544232001
0.07943282347242818	0.6945820341910286
0.08128305161640995	0.6858631174901866
0.08317637711026708	0.6771562185251973
0.08511380382023763	0.6684617793905189
0.08709635899560805	0.6597802605805487
0.08912509381337455	0.6511121417101828
0.09120108393559097	0.6424579222543079
0.0933254300796991	0.6338181223056557
0.09549925860214359	0.6251932833503211
0.09772372209558107	0.6165839690600591
0.1	0.6079907661003243
0.10232929922807547	0.5994142849528001
0.10471285480508996	0.5908551607509792
0.10715193052376071	0.5823140541270975
0.1096478196143185	0.573791652068512
0.1122018454301963	0.5652886687813191
0.1148153621496883	0.5568058465587342
0.11748975549395291	0.5483439566514597
0.12022644346174131	0.5399038001369189
0.1230268770812381	0.5314862087839091
0.12589254117941676	0.5230920459088467
0.12882495516931336	0.5147222072194014
0.13182567385564073	0.5063776216408994
0.13489628825916533	0.4980592521204723
0.13803842646028852	0.48976809640345836
0.1412537544622754	0.4815051877761479
0.1445439770745928	0.47327159576845695
0.1479108388168207	0.4650684268096748
0.15135612484362088	0.45689682482992
0.1548816618912481	0.4487579717994784
0.15848931924611143	0.4406530881976991
0.16218100973589297	0.43258343340266203
0.16595869074375613	0.4245503059923704
0.16982436524617442	0.4165550439477898
0.17378008287493762	0.40859902474763476
0.1778279410038923	0.4006836653444595
0.18197008586099844	0.3928104220112614
0.18620871366628675	0.3849807900475666
0.19054607179632482	0.3771963033337505
0.19498445997580455	0.3694585337222497
0.19952623149688808	0.3617690902542834
0.20417379446695297	0.3541296181907945
0.20892961308540386	0.34654179784650635
0.21379620895022325	0.3390073432163288
0.21877616239495518	0.3315280003838148
0.223872113856834	0.32410554570198036
0.22908676527677724	0.31674178373760936
0.23442288153199228	0.30943854497110257
0.239883291901949	0.30219768324510576
0.2454708915685031	0.2950210729564631
0.25118864315095796	0.2879106059875988
0.25703957827688645	0.28086818837513466
0.26302679918953814	0.2738957367155024
0.26915348039269166	0.2669951743094057
0.2754228703338166	0.2601684270492956
0.2818382931264455	0.2534174190564711
0.28840315031266056	0.24674406807707497
0.2951209226666387	0.24015028064893448
0.3019951720402016	0.23363794705411556
0.30902954325135923	0.22720893607491652
0.31622776601683794	0.22086508957402567
0.32359365692962844	0.2146082169224724
0.3311311214825911	0.2084400893019162
0.33884415613920277	0.2023624339106152
0.34673685045253166	0.1963769281050339
0.3548133892335757	0.19048519351152016
0.3630780547701014	0.18468879014465803
0.3715352290971724	0.17898921057078185
0.38018939632056126	0.1733878741566799
0.3890451449942805	0.16788612144463483
0.3981071705534973	0.16248520869563576
0.4073802778041126	0.1571863026428139
0.41686938347033553	0.151990475496832
0.42657951880159256	0.14689870024417717
0.4365158322401661	0.14191184627787823
0.44668359215096304	0.13703067539833855
0.4570881896148752	0.13225583821949427
0.4677351412871981	0.12758787101259955
0.47863009232263853	0.12302719301651047
0.48977881936844614	0.1185741042395255
0.5011872336272725	0.11422878377355344
0.5128613839913648	0.10999128863692217
0.5248074602497729	0.1058615531572386
0.5370317963702527	0.1018393889008135
0.5495408738576248	0.09792448515003753
0.5623413251903491	0.09411640992499272
0.5754399373371573	0.09041461154057848
0.588843655355589	0.086818420685459
0.6025595860743581	0.08332705300452095
0.6165950018614822	0.07993961216207905
0.6309573444801936	0.0766550933590093
0.6456542290346556	0.07347238727338251
0.6606934480075958	0.07039028439092024
0.6760829753919819	0.06740747968889303
0.6918309709189363	0.06452257763492553
0.707945784384138	0.06173409746043665
0.7244359600749899	0.05904047866734821
0.7413102413009177	0.05644008672608321
0.7585775750291835	0.05393121892277516
0.776247116628692	0.05151211031397164
0.7943282347242814	0.04918093974803554
0.8128305161640995	0.04693583591364127
0.8317637711026709	0.04477488337745952
0.8511380382023768	0.0426961285750933
0.8709635899560806	0.040697585721574635
0.8912509381337459	0.03877724261021003
0.9120108393559097	0.036933066271294175
0.9332543007969915	0.035163008464924886
0.9549925860214359	0.03346501098506085
0.9772372209558111	0.03183701075495321
1.	0.030276944696873098
1.0232929922807548	0.028782754362014107
1.0471285480508996	0.0273523903092201
1.071519305237607	0.025983816223864326
1.096478196143185	0.024675012770773427
1.1220184543019642	0.023423981177453028
1.1481536214968828	0.022228746546280896
1.1748975549395304	0.02108736089605216
1.2022644346174132	0.019997905935587063
1.2302687708123812	0.01895849557337623
1.2589254117941675	0.01796727816904203
1.2882495516931336	0.017022438533522248
1.3182567385564075	0.016122199686044076
1.3489628825916533	0.015264824377081935
1.3803842646028852	0.014448616386841003
1.412537544622754	0.013671921610032877
1.4454397707459279	0.012933128937570844
1.4791083881682072	0.012230670946541119
1.5135612484362087	0.011563024409968545
1.5488166189124812	0.01092871063780942
1.584893192461114	0.010326295660670278
1.6218100973589298	0.009754390267956195
1.6595869074375613	0.009211649911267576
1.6982436524617444	0.00869677448455708
1.7378008287493762	0.00820850799139848
1.7782794100389228	0.007745638109782917
1.8197008586099843	0.007306995664773623
1.8620871366628675	0.006891454018016314
1.9054607179632483	0.0064979283836512905
1.9498445997580456	0.006125375079176683
1.9952623149688808	0.005772790719292972
2.0417379446695296	0.005439211360738022
2.089296130854041	0.005123711605103806
2.1379620895022327	0.0048254036665124
2.1877616239495516	0.004543436410129367
2.23872113856834	0.004276994368366594
2.2908676527677723	0.004025296738814824
2.344228815319923	0.003787596369604917
2.39883291901949	0.0035631787370219744
2.454708915685031	0.0033513609190172007
2.5118864315095797	0.003151490568459127
2.570395782768865	0.0029629448902397135
2.6302679918953813	0.0027851296236355116
2.691534803926917	0.002617478035431675
2.7542287033381663	0.0024594499234617743
2.818382931264455	0.002310530634365991
2.8840315031266055	0.002170230097395547
2.951209226666387	0.0020380818751637385
3.019951720402016	0.0019136422336994922
3.090295432513592	0.001796489232493915
3.1622776601683795	0.0016862218356902795
3.2359365692962845	0.0015824590456270616
3.311311214825911	0.0014848390580508315
3.3884415613920273	0.0013930184426417212
3.4673685045253166	0.0013066713447780233
3.548133892335757	0.0012254887135651536
3.630780547701014	0.001149177552898077
3.715352290971728	0.001077460195415815
3.801893963205613	0.0010100736045714684
3.890451449942805	0.0009467686962345354
3.981071705534973	0.000887309686844006
4.073802778041126	0.0008314734648822851
4.168693834703355	0.0007790489869513753
4.265795188015925	0.0007298366916427123
4.365158322401661	0.0006836479434431847
4.46683592150963	0.0006403044935495938
4.570881896148752	0.000599637964982485
4.677351412871981	0.0005614893558047212
4.786300923226385	0.0005257085663451886
4.897788193684462	0.0004921539486302346
5.011872336272725	0.00046069186288798773
5.1286138399136485	0.00043119627570881804
5.248074602497728	0.0004035483489509547
5.370317963702527	0.00037763606922024595
5.4954087385762485	0.0003533538999367976
5.623413251903491	0.0003306023888699338
5.754399373371572	0.000309287904659115
5.88843655355589	0.0002893222694630862
6.025595860743581	0.0002706224989291466
6.165950018614822	0.000253110483565023
6.309573444801936	0.00023671274971157858
6.456542290346556	0.000221360189357844
6.606934480075965	0.0002069877910443637
6.760829753919819	0.0001935344878628529
6.918309709189363	0.000180942838374487
7.07945784384138	0.00016915887938868704
7.244359600749899	0.00015813192853730154
7.413102413009177	0.00014781437641846312
7.585775750291836	0.00013816146293467113
7.76247116628692	0.00012913116640204286
7.943282347242813	0.0001206841688041014
8.128305161640995	0.00011278351317796362
8.317637711026709	0.0001053943156801122
8.511380382023768	0.0000984841225777324
8.709635899560805	0.00009202239385427104
8.91250938133746	0.00008598049433071348
9.120108393559097	0.00008033164292480693
9.332543007969914	0.00007505007037583017
9.549925860214358	0.00007011407307592765
9.772372209558112	0.00006549852328990104
10.	0.00006118471319701805
10.232929922807536	0.00005715285201598721
10.471285480509007	0.0000533839432737046
10.71519305237607	0.00004986377789118598
10.964781961431852	0.000046572726705377176
11.220184543019629	0.00004349609767349495
11.481536214968841	0.00004062412014618794
11.748975549395302	0.00003793944438665982
12.02264434617413	0.00003543113985661168
12.30268770812381	0.000033087732633012285
12.589254117941662	0.000030898474950966226
12.88249551693135	0.000028853312696373467
13.182567385564074	0.000026942844755773214
13.489628825916533	0.00002515826666026943
13.803842646028839	0.000023491346006599633
14.125375446227554	0.00002193438391217806
14.45439770745928	0.000020480170984296177
14.791083881682072	0.000019121983172498532
15.135612484362072	0.000017853519026245302
15.488166189124827	0.000016668882882042082
15.848931924611142	0.00001556256680382437
16.218100973589298	0.000014529422696301691
16.595869074375596	0.000013564640433483527
16.98243652461746	0.000012663725412625861
17.378008287493763	0.000011822465988876783
17.78279410038923	0.000011036922852518029
18.197008586099827	0.00001030343048546435
18.620871366628695	9.61857085845833e-6
19.054607179632484	8.979100157455361e-6
19.498445997580454	8.382059188478548e-6
19.952623149688787	7.824611036326017e-6
20.417379446695318	7.304151540999202e-6
20.892961308540407	6.81821670055982e-6
21.379620895022324	6.364585058836192e-6
21.87761623949552	5.941069931957433e-6
22.387211385683422	5.545660271163035e-6
22.90867652767775	5.176524511189353e-6
23.442288153199225	4.831962852438827e-6
23.9883291901949	4.510254234565273e-6
24.547089156850287	4.2099201687954525e-6
25.11886431509582	3.929573619351441e-6
25.703957827688647	3.667882131870227e-6
26.302679918953814	3.4235917885058544e-6
26.91534803926914	3.195520220415729e-6
27.54228703338169	2.9826424938857753e-6
28.18382931264455	2.783955632312593e-6
28.84031503126606	2.598489415137553e-6
29.51209226666384	2.4253383552374803e-6
30.199517204020193	2.2637017426409793e-6
30.90295432513592	2.1127832853942233e-6
31.622776601683793	1.9719865606764417e-6
32.35936569296281	1.8405990040136141e-6
33.11311214825915	1.7178484985413024e-6
33.884415613920275	1.603437806855377e-6
34.673685045253166	1.4964518252923153e-6
35.481338923357534	1.3967180656296967e-6
36.30780547701018	1.3035326626896909e-6
37.15352290971728	1.2165947005563363e-6
38.018939632056124	1.1355770450896172e-6
38.904514499428046	1.059863737729361e-6
39.81071705534978	9.891617109527183e-7
40.7380277804113	9.231143005012169e-7
41.68693834703355	8.617587919260543e-7
42.65795188015925	8.041996537555559e-7
43.65158322401656	7.50499287989962e-7
44.668359215096345	7.003879789682303e-7
45.708818961487516	6.53864765941434e-7
46.77351412871981	6.100504303940863e-7
47.863009232263806	5.69357063621528e-7
48.97788193684466	5.313870804564875e-7
50.11872336272725	4.957311615829681e-7
51.28613839913648	4.630203848399295e-7
52.48074602497723	4.320831995971863e-7
53.70317963702533	4.03238167210292e-7
54.954087385762485	3.7635033347695017e-7
56.23413251903491	3.508952105453817e-7
57.543993733715666	3.2761158788613653e-7
58.884365535558956	3.0609624640560396e-7
60.25595860743581	2.8539612559150944e-7
61.65950018614822	2.6664321966457643e-7
63.0957344480193	2.486419803934759e-7
64.56542290346563	2.3161991657850605e-7
66.06934480075964	2.1666113200220648e-7
67.60829753919819	2.0193194412734973e-7
69.18309709189363	1.8850699934496685e-7
70.79457843841388	1.7624630179557065e-7
72.44359600749905	1.637829145805173e-7
74.13102413009177	1.5355279157142876e-7
75.85775750291836	1.4240306449484912e-7
77.62471166286912	1.3325743891434225e-7
79.43282347242821	1.2529373636045376e-7
81.28305161640995	1.1677591874682516e-7
83.17637711026708	1.0877173733030042e-7
85.11380382023759	1.0255967304939751e-7
87.09635899560814	9.685910325694869e-8
89.12509381337459	8.748373196624089e-8
91.20108393559097	8.326966968789043e-8
93.32543007969905	7.852980063463822e-8
95.49925860214368	7.19092117268833e-8
97.72372209558111	6.714104623475958e-8
100.	6.251348812683053e-8