-0.536551921224328	1.3084769909442355
-0.5093101017604037	1.228197810828638
-0.4836843702467181	1.1577794211947874
-0.4594817852100533	1.0955238079891696
-0.43654179564659756	1.0400970461327967
-0.41472946314961423	0.9904364978448847
-0.3939303737209661	0.9456859483661151
-0.3740467439322478	0.9051473046299414
-0.35499441068553844	0.8682464284822486
-0.3367004731017129	0.834505660057891
-0.3191014230978572	0.8035256679938974
-0.3021416446592015	0.7749693977893211
-0.2857722044811766	0.7485504993880983
-0.26994985753054496	0.7240243328114967
-0.2546362438552343	0.7011801133530036
-0.23979720838660357	0.679836213853358
-0.22540224391252978	0.6598346204401643
-0.21142401661346885	0.6410371143038527
-0.1978379705235918	0.6233230590281401
-0.184621986621673	0.6065859684592203
-0.17175610111463296	0.5907314599447004
-0.15922225336056625	0.5756765659446161
-0.14700407449994385	0.5613466880062641
-0.13508670157687222	0.5476759010872354
-0.12345662164387142	0.53460464198152
-0.11210152752630209	0.522079902721909
-0.10101019671237212	0.5100537562571513
-0.09017238522758414	0.4984828863900792
-0.07957873660564282	0.48732816213605834
-0.06922068890779501	0.4765544119864505
-0.059090408792158725	0.4661291787101048
-0.049180721022877905	0.45602353826424286
-0.03948504974458513	0.4462105544808474
-0.029997369128943477	0.4366660602834791
-0.02071215015697206	0.4273678505439439
-0.011624321077205737	0.41829557777920573
-0.0027292285408447737	0.4094306227409872
0.005977395329500615	0.40075573438585677
0.014499466317806312	0.3922554333786133
0.022840581314407166	0.3839153336753543
0.031004037158013614	0.37572204491316474
0.03899285851793573	0.3676636012487764
0.0468098223979553	0.35972878698562666
0.054457472417351965	0.3519072273467096
0.06193814160452168	0.34418963551262227
0.06925397002777964	0.33656732592666
0.0764069192039965	0.3290323631490377
0.083398787096431	0.32157747793466124
0.09023122229453426	0.31419598110469377
0.09690573477100678	0.306881718222983
0.10342370994330537	0.29962924898383403
0.10978642182186944	0.29243356435485096
0.11599503974264491	0.2852899904341158
0.12205063849543309	0.2781944089532235
0.12795420994615234	0.2711431822728059
0.13370667068938202	0.2641329534418217
0.13930886953051502	0.2571607689974476
0.14476159561667926	0.25022403140840266
0.15006558617662405	0.24332049463975958
0.15522153276360318	0.23644815026676058
0.160230087059888	0.22960531016564775
0.1650918681573584	0.22279062989385406
0.16980746950368122	0.216003036458026
0.17437746295926304	0.20924160370337128
0.17880240314722246	0.20250566296237663
0.1830828332018761	0.1957948138634043
0.18721929045107644	0.1891089047182966
0.19121231043368123	0.18244790434251926
0.19506242963645828	0.1758119515437603
0.1987701898445838	0.1692014004235193
0.20233614275657555	0.16261681645422135
0.20576085374736564	0.1560588794305265
0.209044903506106	0.1495283545589118
0.2121888909488361	0.14302617583269142
0.21519343692605686	0.13655345020135798
0.21805918760484133	0.13011140188337691
0.22078681548794796	0.12370126310047086
0.22337702068250775	0.1173243837424739
0.22583053383253815	0.11098225539322468
0.22814811902467547	0.10467648177942937
0.230330574585125	0.09840863205955437
0.23237873286957894	0.09218032702784626
0.2342934621965599	0.08599329228666593
0.2360756690858642	0.07984935241830514
0.23772629927448968	0.07375029647111812
0.23924633612793436	0.06769786978679837
0.24063680136646717	0.06169390009830058
0.24189875693360074	0.05574029996189618
0.24303330584828858	0.04983894069480616
0.24404159019309368	0.043991616001377146
0.24492479098762426	0.03820015780604985
0.24568412903744352	0.0324664329694105
0.24632086489465105	0.026792248186629144
0.2468362969582144	0.02117933995358673
0.24723176104639866	0.01562945625458539
0.2475086306682652	0.010144349319145119
0.24766831612521156	0.004725672374101434
0.24771226233058197	-0.0006249856818791007
0.24764194830693523	-0.005906039193687295
0.24745888700558952	-0.011115929838094007
0.24716462362740044	-0.01625321869506576
0.24676073361398432	-0.02131651800308289
0.24624882195006637	-0.026304466637888168
0.24563052242296435	-0.03121575872549176
0.24490749559028976	-0.03604920616121387
0.24408142691314091	-0.04080367072742758
0.24315402595833643	-0.04547804841020348
0.24212702530452374	-0.05007131695814063
0.24100217830745804	-0.05458255378111704
0.23978125758654206	-0.059010887435976024
0.23846605394868525	-0.063355498977679
0.23705837493653809	-0.06761565639244137
0.23556004295141833	-0.07179070216942873
0.2339728938774096	-0.07588004002582927
0.23229877573716798	-0.07988313750525056
0.23053954722110678	-0.08379953580438415
0.22869707613612653	-0.08762884288797405
0.22677323807014638	-0.09137072671472003
0.22476991510366248	-0.095024915246768
0.22268899445080234	-0.09859120500689607
0.22053236705554188	-0.10206944730108465
0.21830192651707223	-0.10545954677947757
0.2159995678302067	-0.10876146892854983
0.21362718607534284	-0.11197524048041818
0.2111866751942135	-0.11510093461544675
0.20867992724487358	-0.11813865736301206
0.20610883142524167	-0.1210885701656578
0.2034752728475759	-0.12395089175375279
0.20078113134222916	-0.12672589063049614
0.19802828080070664	-0.12941384782465404
0.19521858874658637	-0.13201508105281315
0.1923539153312405	-0.13452995859065536
0.18943611224833654	-0.1369588986178371
0.18646702189107464	-0.13930233828467364
0.18344847730866629	-0.14156071714586835
0.18038230169559588	-0.14373451477893523
0.17727030747473263	-0.1458242539109122
0.17411429541618856	-0.14783049068511386
0.17091605443414892	-0.14975376851987637
0.16767736166309768	-0.15159464740232775
0.1643999818523888	-0.15335371976546497
0.16108566666934251	-0.15503161043187305
0.15773615415065897	-0.15662895314551736
0.15435316901892887	-0.15814635802645885
0.15093842268339824	-0.15958445829646792
0.1474936126138413	-0.16094391780912218
0.1440204217142358	-0.16222542336750348
0.1405205183677585	-0.16342963299969032
0.13699555693305837	-0.16455720298350135
0.13344717744707593	-0.1656088096165705
0.12987700519661385	-0.1665851491237156
0.12628665038393272	-0.16748692103542037
0.12267770857681361	-0.16831478938584257
0.11905176104387684	-0.16906942665851218
0.11541037438971034	-0.1697515248660157
0.1117551001614544	-0.17036178867366294
0.10808747504771321	-0.170900893209484
0.10440902125208028	-0.17136951669826167
0.10072124636681981	-0.17176833879009995
0.09702564338726104	-0.1720980380874747
0.09332369079415331	-0.17235928444951817
0.08961685266759836	-0.17255275321982042
0.08590657853126916	-0.17267911787154935
0.08219430361115147	-0.1727390352760524
0.07848144913319083	-0.17273315674072828
0.07476942208509435	-0.17266215396681409
0.07105961511498063	-0.17252668523644468
0.06735340695244886	-0.17232738702925612
0.0636521627388958	-0.17206489830259059
0.05995723344741177	-0.17173989033457052
0.05626995587035363	-0.17135300639973156
0.05259165335170734	-0.17090485665774055
0.04892363597349372	-0.17039608165633474
0.0452671995691582	-0.16982734907366406
0.0416236260191184	-0.1691992874081979
0.037994184185387796	-0.16851248057153476
0.03438012993474497	-0.16776758702968064
0.030782704123871924	-0.16696530369668627
0.027203133638281078	-0.16610623129983762
0.02364263304907878	-0.16519094932933515
0.020102403225555423	-0.1642201350390355
0.016583630770762508	-0.16319443633757405
0.013087488527932314	-0.1621144870327226
0.009615135343330193	-0.16098096284157848
0.006167716269058078	-0.1597944507239263
0.0027463634975670877	-0.15855559966428348
-0.0006478061812412346	-0.15726517339456317
-0.0040136910618942855	-0.15592376979574782
-0.007350201629165802	-0.1545319948197783
-0.010656263444968096	-0.15309063972159384
-0.013930818933874062	-0.1516004007833906
-0.01717282324185913	-0.150061844953251
-0.0203812457747312	-0.1484757495679222
-0.023555074872638304	-0.1468430150648487
-0.026693312765930642	-0.14516404204898997
-0.02979497244422048	-0.14343956376745343
-0.032859087144563134	-0.1416705744476156
-0.035884707036796075	-0.13985774833595732
-0.038870899049590124	-0.1380019128080697
-0.04181674615123739	-0.13610374597345953
-0.044721359549995815	-0.1341640786499874