-0.5054762388290849	1.320792857265702
-0.477997823156804	1.2390952433871596
-0.4521628481004904	1.1674715116977268
-0.4277744398164595	1.1041742757689348
-0.40466900071095147	1.0478337492170193
-0.38270921211269904	0.9973605671810546
-0.3617787712169344	0.95187775546604
-0.3417783882261303	0.910671704811843
-0.3226226866613775	0.8731552358706085
-0.3042377873428242	0.8388416201866389
-0.28655938367914413	0.8073235228739515
-0.26953120982095075	0.7782575652785761
-0.25310379478586786	0.7513524857234396
-0.23723346167119386	0.726359062357697
-0.22188148977480204	0.7030636334487561
-0.20701343195418787	0.6812816039317959
-0.1925985410005093	0.6608522934849166
-0.17860928743501792	0.6416360690705989
-0.16502095533594585	0.6235102386607577
-0.15181130533069895	0.606366830134054
-0.13896027034546599	0.5901107366145498
-0.12644971445294756	0.574657603517295
-0.11426320833748989	0.5599321923957925
-0.10238584957583577	0.5458677491724646
-0.09080409285036387	0.5324043675180687
-0.0795056121012715	0.5194883204216786
-0.06847917977355485	0.5070710481106507
-0.05771455153947676	0.49510937941770544
-0.04720237286497256	0.48356359124233916
-0.036934095257904816	0.47239837238688465
-0.02690189714194048	0.4615811359208955
-0.017098622582674017	0.4510826456620445
-0.00751771441880843	0.4408762078188223
0.0018468359729411112	0.43093744803466805
0.011000537102624556	0.4212441149060422
0.019948438059019948	0.4117757386886208
0.028695172067706883	0.4025140292180341
0.03724499338700237	0.3934418508106938
0.045601802697233705	0.38454357936609307
0.05376918357369817	0.3758051793997391
0.06175042648705972	0.36721338894572003
0.06954855062823925	0.35875629897021893
0.07716633180279033	0.35042302005368964
0.08460632038288358	0.34220351573245045
0.09187086050930417	0.3340885999938701
0.09896210812976158	0.326069902670427
0.1058820456102972	0.318139658776033
0.11263249768627545	0.31029098182909576
0.119215149168912	0.3025176314541179
0.125631554123721	0.2948137235746008
0.13188314735649548	0.2871740633991083
0.13797125919435538	0.27959406343338944
0.14389712499472224	0.27206948995314245
0.14966189468337	0.2645966075941959
0.15526664224787418	0.25717208947205367
0.1607123751015732	0.24979304363192656
0.16600004147508937	0.24245685645782156
0.17113053770912318	0.23516132550267452
0.17610471747080003	0.22790467776978474
0.18092339974705154	0.22068540561581027
0.18558737274201023	0.2135021849618612
0.19009739970383713	0.2063540211048637
0.1944542260870624	0.199240252266775
0.19865858626424382	0.19216047585368515
0.2027112070862138	0.18511440076775915
0.20661281156256073	0.17810197502413858
0.21036412440774635	0.1711234093188774
0.21396587754724802	0.16417914712582035
0.2174188133621584	0.15726970118155892
0.220723686596051	0.1503957348196107
0.22388126848316073	0.14355811987613384
0.2268923511967473	0.13675792682634214
0.229757750803668	0.12999627531031027
0.232478307692994	0.1232743417855209
0.23505488926979032	0.11659346726334645
0.23748839354386522	0.10995515728318471
0.23977975171615742	0.1033609567359388
0.24192992764734175	0.0968123886952032
0.24393991906268825	0.09031108958352992
0.24581076016763553	0.08385881900974926
0.2475435238807935	0.07745738856746164
0.24913932084897175	0.07110850620213628
0.25059929884184334	0.06481394163902778
0.2519246447417262	0.05857556625322595
0.2531165863677353	0.052395288003674725
0.25417639110315454	0.0462748876202699
0.2551053646548515	0.040216168970436506
0.2559048519817021	0.03422098177340083
0.2565762378593069	0.02829115717526044
0.2571209451548494	0.022428421476977527
0.2575404337329184	0.016634502530971918
0.25783620076334846	0.010911142986718716
0.25800978033057764	0.005260010579701447
0.2580627410567335	-0.00031732593718674035
0.2579966851496334	-0.005819304822624078
0.25781324829847707	-0.011244379335498473
0.25751409832123057	-0.016591119583399462
0.25710093277696633	-0.02185816849939273
0.2565754780733645	-0.027044197666783898
0.2559394887502505	-0.03214792693694654
0.2551947455526157	-0.03716820054187846
0.25434305324443696	-0.0421039254047718
0.25338623969394714	-0.046954044123856384
0.25232615480199805	-0.051717578516310224
0.2511646681986712	-0.056393659708662676
0.24990366755256682	-0.06098147500482027
0.24854505740575944	-0.06548026793759092
0.2470907576649057	-0.06988937137818209
0.2455427016369476	-0.0742081979432052
0.24390283455919423	-0.07843622510436422
0.24217311217638424	-0.08257299819412091
0.2403554991816076	-0.08661813952651432
0.23845196762666934	-0.09057133967700298
0.23646449552437762	-0.09443235320341166
0.23439506547225433	-0.09820099889648434
0.23224566320278298	-0.10187716733555405
0.23001827618246865	-0.10546080185874401
0.22771489251897337	-0.10895190279587567
0.2253374996207627	-0.11235053490718439
0.22288808281085648	-0.11565682736964683
0.22036862410431338	-0.11887095181203014
0.21778110151805646	-0.12199311449051857
0.21512748801612294	-0.12502358044948655
0.21240975022404318	-0.12796267471934872
0.20962984721313	-0.13081076894514668
0.20678972998066847	-0.1335682430028147
0.20389134097056827	-0.13623551867043693
0.20093661300313673	-0.13881307005672494
0.19792746815848572	-0.1413014210697136
0.1948658170726734	-0.14370110308132011
0.19175355897373836	-0.1460126562021233
0.1885925810451131	-0.14823666244563308
0.18538475750435857	-0.15037374682442783
0.18213194877734823	-0.1524245599861606
0.17883600151980883	-0.1543897338073022
0.17549874863686354	-0.156269922626116
0.17212200860979895	-0.15806581485773008
0.16870758477225808	-0.15977813025208704
0.16525726501461033	-0.1614075769684471
0.1617728221956511	-0.16295485557123132
0.1582560138844808	-0.1644206893915406
0.15470858185912173	-0.1658058251318065
0.15113225165816685	-0.16711102200132857
0.1475287328251836	-0.16833700764610732
0.14389971930214596	-0.16948451447059348
0.14024688906865682	-0.17055429605145847
0.13657190369182604	-0.17154712532760194
0.1328764082452864	-0.17246375414984494
0.12916203200840895	-0.17330491078627958
0.12543038848282284	-0.17407133693176133
0.12168307507514108	-0.1747637892193821
0.11792167280348845	-0.17538303201679642
0.11414774667704529	-0.17592978538961435
0.11036284643671557	-0.17640476193198523
0.10656850630223154	-0.17680869400398402
0.10276624455831261	-0.17714232940941652
0.09895756374052156	-0.1774063790117438
0.09514395120559302	-0.17760155531298039
0.09132687898046586	-0.17772856821229535
0.08750780395615569	-0.17778811685396334
0.08368816814591644	-0.17778088662752708
0.07986939877407082	-0.1777075766734692
0.07605290793233205	-0.17756888624484263
0.07224009301028209	-0.17736548451339107
0.06843233726591631	-0.1770980258236089
0.06463100951841586	-0.17676720053743092
0.06083746381089528	-0.17637368507482862
0.05705303999557456	-0.17591812392975226
0.053279064297126186	-0.17540115320411384
0.049516848685211695	-0.17482346002412893
0.045767690539404514	-0.17418570530269817
0.042032873520849744	-0.17348850585146994
0.0383136681014843	-0.17273249366925508
0.03461133041763348	-0.17191835543025485
0.030927102200755147	-0.17104673908375653
0.027262211807135596	-0.17011823894870437
0.023617874874023774	-0.16913348635516584
0.01999529189623063	-0.1680932216359576
0.01639564842787221	-0.16699808250095602
0.01282011742743247	-0.165848629814138
0.009269858527302078	-0.1646455510232259
0.005746016577911314	-0.16338951553039704
0.002249722227434541	-0.1620811806876253
-0.0012179081941676405	-0.16072123665350163
-0.004655773095100897	-0.159310319456088
-0.008062783758739927	-0.1578490524138842
-0.01143786677690077	-0.15633823101492286
-0.014779965431885853	-0.1547785359444564
-0.018088035667863777	-0.15317054911563685
-0.021361048199888936	-0.15151507300302516
-0.024597991886881537	-0.14981290231952293
-0.027797869543998974	-0.1480646050480028
-0.030959698070613276	-0.1462709591855407
-0.034082513917463406	-0.14443294924444597
-0.037165369772874	-0.1425510396918827
-0.04020732885303609	-0.14062593001556029
-0.0432074750178163	-0.1386586999062391
-0.04616491089825343	-0.13665006375419844
-0.04907875651457219	-0.13460089976444833
-0.051948149156662835	-0.13251193719467372
-0.05477225575051668	-0.13038404810405296