-1.378404875209022	-0.31622776601683805
-1.3960382104330744	-0.1483192508286856
-1.4022704341615098	-0.01892678029501895
-1.3997279453246043	0.08044242904514956
-1.3904655516865514	0.1562967942890237
-1.3760886925570868	0.21384699070152124
-1.3578415497391836	0.25728209621448045
-1.336679335388445	0.28993000564549937
-1.3133294243467293	0.3143930389132693
-1.288342302039953	0.33267672694963507
-1.2621329313635943	0.3463085917709806
-1.2350135043119337	0.35644190553999494
-1.2072188597444555	0.3639423172199422
-1.178925902662082	0.3694567041830029
-1.1502682866318261	0.3734676331958016
-1.121347421775743	0.37633465337358046
-1.0922407020647147	0.37832550487982125
-1.063007629994995	0.3796397448984688
-1.0336943751717433	0.3804260204187267
-1.0043371785080213	0.3807951180854896
-0.9749648769507574	0.38082953080035703
-0.945600802955723	0.3805905056674791
-0.9162642085829571	0.38012337289033166
-0.8869713389688011	0.37946134993364034
-0.8577362459967032	0.3786284846254754
-0.8285714111638933	0.37764177164346197
-0.7994882239898458	0.376512760320878
-0.7704973546748274	0.375248713071325
-0.7416090489333768	0.3738535098476783
-0.7128333621788662	0.3723282986679399
-0.6841803508178589	0.3706719707653277
-0.6556602305329237	0.36888156477701245
-0.6272835109619436	0.3669524533925388
-0.599061113283905	0.3648786147947426
-0.5710044737515938	0.3626527385127557
-0.5431256382836408	0.3602663357799608
-0.5154373509686438	0.35770980602769203
-0.4879531368987822	0.3549725012733372
-0.460687381977339	0.3520427536975249
-0.43365541001202046	0.3489079182952878
-0.40687355648299917	0.3455544042177864
-0.38035924236788826	0.34196765763201137
-0.354131042373129	0.3381323186390813
-0.3282087532583035	0.3340321186686259
-0.3026134517005037	0.32965003448585434
-0.27736755426118936	0.32496846771862903
-0.2524948652826932	0.3199690621185314
-0.22802061016491262	0.3146331558658212
-0.20397147176789004	0.308941942642858
-0.18037559320652613	0.3028762303228911
-0.1572625690233762	0.2964174558393294
-0.13466343133399789	0.28954745750322275
-0.11261057420471703	0.28224859742478203
-0.0911376874572808	0.2745052199657525
-0.0702796234222711	0.2663030112052846
-0.05007225343349068	0.25762989972519723
-0.030552265947913024	0.2484767061768443
-0.0117569293351765	0.23883768947335693
0.00627618999984716	0.2287111457497281
0.02350956051888073	0.21809979063637888
0.03990606187289415	0.2070114906985208
0.055429401100609205	0.1954598733445474
0.07004456571318737	0.1834647126528648
0.08371830976936943	0.17105215819946773
0.09641966299314679	0.15825498400500973
0.10812044642769832	0.14511276945414703
0.11879578501416109	0.13167167552170023
0.12842460624834523	0.11798402246358852
0.13699010805844594	0.10410802462561287
0.14448016600313127	0.09010678988489945
0.15088769411528358	0.07604763662219446
0.15621092352568672	0.062000955805993574
0.16045359644312246	0.04803907434917502
0.16362506862120638	0.03423502805839176
0.16574031617436177	0.02066132095211222
0.16681984736430236	0.007388708003695553
0.16688952351218764	-0.005514935991221658
0.16598029695152192	-0.017985628641395496
0.1641278767081089	-0.029964135568095913
0.16137233493441508	-0.041396646886164096
0.15775766849086603	-0.052235261812108184
0.15333133101722066	-0.06243828081979724
0.14814374914159312	-0.07197028437604136
0.14224783331961113	-0.08080222095586817
0.1356985105637039	-0.08891092257821022
0.12855226550440707	-0.09627902822515297
0.12086671394609352	-0.1028944912459666
0.11270021015608268	-0.10875013149988143
0.10411149081452893	-0.11384314173730462
0.09515935645274917	-0.11817459366200735
0.08590239000934378	-0.12174897075322959
0.0763987107719173	-0.12457375016856637
0.0667057610245489	-0.12665897772753745
0.0568801169448368	-0.1280169632798504
0.0469773258542363	-0.12866205834614933
0.03705176069837876	-0.12861038348221185
0.02715648535672195	-0.12787969369827695
0.017343130797665522	-0.12648937022613094
0.0076617756204898045	-0.12446034184058331
-0.0018391751880800292	-0.12181506902624428
-0.011113112664334833	-0.1185776187957818
-0.020115348056629862	-0.11477381463290566
-0.028803250567930636	-0.11043116830561735
-0.037136384252046316	-0.10557909878104212
-0.04507665473726751	-0.1002489275834949
-0.05258846097929214	-0.0944740030981528
-0.05963884917690564	-0.08828962219831234
-0.06619766941902575	-0.08173315291612658
-0.07223772465564338	-0.07484388138944499
-0.0777349210963262	-0.06766286140056867
-0.082668400104507	-0.06023295727821497
-0.08702065943049535	-0.052598338192635756
-0.09077765803523438	-0.04480443528509035
-0.09392889199540752	-0.03689759189037913
-0.09646745167922105	-0.028924569987325573
-0.09839004737994107	-0.020932371929081314
-0.09969700295090644	-0.012967708827496885
-0.10039222310867192	-0.0050766078655328575
-0.10048312474682417	0.002695933267208509
-0.0999805405582314	0.010306401367845403
-0.09889859222720132	0.017713064076927805
-0.09725453761299449	0.024876382529854465
-0.0950685956059123	0.03175919409662308
-0.09236374677161986	0.03832699924734181
-0.0891655238645019	0.04454821477454528
-0.08550178528244864	0.05039413103977892
-0.08140247968707472	0.05583918440361822
-0.07689941158059853	0.06086092531542839
-0.07202599792853386	0.06543992382017232
-0.06681703082700115	0.06955992004202756
-0.06130844496742507	0.07320760701474364
-0.05553708645484048	0.07637257394134032
-0.04954049382015592	0.079047278201615
-0.04335668474781378	0.08122683633617586
-0.0370239513667713	0.08290897172701922
-0.030580665617748894	0.08409388624491473
-0.024065091359436415	0.08478415713411282
-0.0175152057787521	0.08498463948798282
-0.01096852608713994	0.08470236765896436
-0.004461944465868379	0.0839465315491527
0.001968433877326344	0.08272832597700623
0.008287446813940284	0.08106099302780811
0.014461026775008707	0.07895969421564493
0.020456351046221417	0.0764415110050338
0.0262419857264934	0.07352539114927674
0.03178802876545139	0.07023209193277147
0.03706624714782927	0.0665841337507592
0.04205021137085191	0.06260573644057077
0.04671542203738925	0.05832274754796027
0.05103943268266675	0.05376250210681766
0.05500196170729401	0.04895380491443633
0.05858499584026255	0.04392665810863505
0.06177288406328996	0.03871224206128715
0.06455241384040457	0.03334265009370852
0.06691287928757474	0.027850691080186642
0.06884612791592627	0.022269766104447856
0.07034659335009566	0.016633505286966516
0.07141131016405501	0.010975649272809623
0.0720399075804841	0.005329742270776166
0.07223458781563226	-0.00027110659826598245
0.07200008263477194	-0.00579444021270562
0.07134359374470195	-0.011208708248828494
0.07027471400986307	-0.01648347481518821
0.06880533427563244	-0.0215896453977602
0.06694953351709299	-0.026499575067765863
0.06472345546593436	-0.03118739471709906
0.062145176845539496	-0.03562889997632146
0.05923455965816716	-0.039801944980823935
0.05601310536260217	-0.04368628430078181
0.052503789602032065	-0.04726381086726321
0.048730908654360555	-0.050518532566522924
0.044719906355502353	-0.05343655446460931
0.040497215537940084	-0.056006231103118385
0.03609008622847661	-0.05821794292529185
0.031526424291016986	-0.06006433187042149
0.026834626412946004	-0.06154002309020414
0.022043419268205133	-0.06264180586228976
0.017181702490223168	-0.06336843223045181
0.012278392233717666	-0.06372068073719267
0.007362271179588365	-0.06370125414169524
0.0024618391276752787	-0.06331475860829433
-0.002394830720338391	-0.0625676535433407
-0.007180233313301145	-0.06146819970133471
-0.011867568917956607	-0.060026420307987674
-0.016430876713937975	-0.058254037811777785
-0.020845164610436354	-0.056164438641768406
-0.02508653398255469	-0.05377258939929352
-0.029132301138148214	-0.05109500112808597
-0.03296111104810265	-0.04814963142222479
-0.036553048662174695	-0.04495581227427178
-0.039889739000129515	-0.04153417694599668
-0.042954444877646145	-0.03790649824105509
-0.04573215106233361	-0.03409567735717531
-0.048209643647414126	-0.030125474826912788
-0.05037557574761026	-0.026020527005107555
-0.052220523624160166	-0.021806061986880905
-0.053737032340560056	-0.01750783970313121
-0.05491964491110607	-0.013151929525599673
-0.05576492323762384	-0.008764545408229789
-0.05627145132417975	-0.004371905436652871
-0.056439827936918666	8.377740134853911e-17