-0.7071067811865479	1.224744871391589
-0.6216828386863776	1.0051031995295767
-0.5501474789734662	0.8577962215963963
-0.4882184029429636	0.7526716405487562
-0.43330450913962015	0.6740757570024445
-0.3837328164032117	0.6130827702391132
-0.3383715643747244	0.5642374145654909
-0.29642842183021006	0.5240218798861201
-0.257334509091205	0.49006854338851963
-0.22067390152373653	0.46072723770560337
-0.1861388056369728	0.4348137777030248
-0.15349995226913357	0.41145737169751107
-0.12258640366621784	0.3900043228118387
-0.09327137696179881	0.36995555117697065
-0.06546202795029932	0.3509249275302789
-0.039091891491236236	0.33261097045516036
-0.014115154248998332	0.3147772572004787
0.009497805977962142	0.2972386499450983
0.03176398202923726	0.27985165267101647
0.05269066753563021	0.26250737144277836
0.07227792167101052	0.24512648547661323
0.09052069982464744	0.22765549590286582
0.10741072874733708	0.21006380870128177
0.12293818082914848	0.19234135297376184
0.1370931786384348	0.17449660187004998
0.14986714961064118	0.15655456831305103
0.16125402897823846	0.13855491270603493
0.1712513131539999	0.12054992574765988
0.17986095334876617	0.10260240786935544
0.1870900808299574	0.08478342421399422
0.19295155483622922	0.06717000693258648
0.19746433518649026	0.04984275549742168
0.2006536605192953	0.03288349910353587
0.2025510637650868	0.016373122757654398
0.20319421587764794	0.0003895879183171869
0.2026266316505454	-0.014993934359117687
0.20089723962859757	-0.0297105110034053
0.1980598627264054	-0.043700439807632524
0.19417262228384857	-0.05691208050311149
0.18929729846462287	-0.06930223062545951
0.1834986738754351	-0.08083626649924197
0.17684388216823604	-0.09148788124270853
0.16940178074002518	-0.10123863160519413
0.16124236446458767	-0.11007734002207267
0.1524362321931782	-0.11799937939850151
0.1430541128004294	-0.12500587867410698
0.13316645416150846	-0.13110288577040982
0.12284307376106084	-0.13630050724860898
0.11215287149100557	-0.14061234888351584
0.10116359261863633	-0.14405462833874697
0.08994164237769542	-0.14664573119474886
0.07855194111627926	-0.14840570796445163
0.06705781029139848	-0.1493558947382012
0.05552088311434922	-0.14951866950883783
0.044001031783678486	-0.14891728165808568
0.032556303327041076	-0.14757577821221282
0.021242857781054388	-0.14551901796536118
0.010114903386307883	-0.14277275118338636
-0.0007753765261485999	-0.13936373885945957
-0.01137790855645402	-0.13531992324801329
-0.021644828049419754	-0.13067063843360133
-0.031530593352380024	-0.12544680176671097
-0.04099211602756655	-0.11968110544082824
-0.04998890559544361	-0.11340820482028773
-0.05848322620351362	-0.106664856556256
-0.06644026254356039	-0.09949004958989426
-0.07382829545771986	-0.0919249551815548
-0.0806188674588967	-0.08401302324410348
-0.08678695668237428	-0.07579973915937395
-0.09231112905598543	-0.06733262486463844
-0.09717368277795818	-0.0586608102994947
-0.1013607646282764	-0.04983485984373251
-0.10486246433622523	-0.04090633522252578
-0.1076728742244365	-0.03192733807416115
-0.10979011802334686	-0.022950143399482766
-0.11121633623122111	-0.014026557360076308
-0.11195764373770911	-0.005207595766925581
-0.1120240348993041	0.003457159537651227
-0.11142926943189858	0.011919933620217838
-0.11019070311225107	0.02013521894521749
-0.10832911017967903	0.02806008056239502
-0.10586846155634998	0.03565463586004946
-0.1028356835373251	0.04288216621802393
-0.09926040927896713	0.04970931320718485
-0.09517470831464271	0.05610628511294481
-0.09061281221513436	0.06204684155379281
-0.08561084002110553	0.06750830898501327
-0.0802065227842003	0.07247156351066332
-0.07443893452676908	0.07692091328843308
-0.06834823150896868	0.08084397639228184
-0.0619754008474817	0.08423156839557938
-0.055362021363548876	0.08707752649682436
-0.04855003601936942	0.0893785433956205
-0.04158153658354113	0.09113403648534568
-0.03449856044747382	0.092345986279762
-0.027342897725902385	0.09301879815654732
-0.020155908205113433	0.09315918494689969
-0.01297834834651828	0.0927760842949288
-0.005850201431592702	0.09188055836895047
0.0011894822848293176	0.0904857296495326
0.00810274335690473	0.08860673660150818
0.014852866397969372	0.0862606761658189
0.02140453147813212	0.08346660934659281
0.027723961324835237	0.08024546221611707
0.03377906836479517	0.07662007250529566
0.03953959573288957	0.07261507540512264
0.04497725896685799	0.06825690102416702
0.05006587745338598	0.06357367920632956
0.05478150555129337	0.05859514226976455
0.059102550338253984	0.053352549446316844
0.06300988431137115	0.047878486806114846
0.06648694233394613	0.042206757512239707
0.06951980761834796	0.03637217259437477
0.07209728163742017	0.03041031092246278
0.07421093515979378	0.02435733475236667
0.07585514156386627	0.018249690429281932
0.07702709076374606	0.012123856523671202
0.07772678065125645	0.00601609584086071
0.07795698881724286	-0.00003785321979816333
0.07772322305465462	-0.0060030218901930155
0.07703365098266513	-0.011845477857778505
0.07589901149989554	-0.017532574076165104
0.07433250548376244	-0.023033141577318225
0.07234967453158478	-0.02831777478707627
0.06996826052349055	-0.03335882808868709
0.067208056636091	-0.038130821835009814
0.06409074782318981	-0.042610259979621035
0.060639738719849755	-0.04677599224162345
0.05687998583801777	-0.050609083567903966
0.05283781252200434	-0.05409291457755835
0.04854073621497203	-0.05721327059726407
0.044017283042084215	-0.05995814933203814
0.0392968118475527	-0.06231798879872909
0.03440933654250257	-0.06428538916766623
0.029385350751646618	-0.06585526433495387
0.024255659448986465	-0.06702467372261983
0.019051209744504922	-0.06779282346993501
0.013802930053147129	-0.06816100884209554
0.00854157013306658	-0.06813254467647147
0.003297547153950561	-0.06771273011430518
-0.0018992052983391257	-0.06690879008665397
-0.0070193836606867	-0.06572982220962043
-0.012034457555043676	-0.06418675469122012
-0.01691680843847206	-0.06229228644464908
-0.02163986471616365	-0.06006084258235514
-0.026178232162537333	-0.05750849985471485
-0.03050781999283038	-0.05465295223863331
-0.03460596090682721	-0.05151339219605521
-0.03845152681520654	-0.04811048381750579
-0.04202503481046739	-0.044466221871397746
-0.04530874996193477	-0.04060384968470419
-0.04828677379715668	-0.036547735929914664
-0.05094512761784095	-0.03232323070307108
-0.05327182373849032	-0.027956545197847568
-0.05525692341997339	-0.023474570995622814
-0.05689258428643227	-0.01890470191434507
-0.058173093157143224	-0.014274691800936006
-0.05909488457994823	-0.00961243607621803
-0.059656545897452	-0.004945787799858023
-0.0598588066163783	-0.00030238321116711096
-0.0597045135193797	0.004290568078432417
-0.0591985914290163	0.008806450125717494
-0.05834798951462505	0.01321944511589714
-0.057161615083225814	0.01750464937728747
-0.05565025299070804	0.021638315074297334
-0.05382647761157321	0.025597869459784886
-0.05170454843927687	0.029362173223732864
-0.04930030477538603	0.03291151810606919
-0.04663104222840067	0.0362277863617089
-0.043715395132662996	0.03929451671775219
-0.04057320038660897	0.042096908521940715
-0.03722537021045466	0.04462199154705388
-0.03369375039815867	0.04685847106900306
-0.030000986109005146	0.048796975550896744
-0.026170379763669132	0.05042981968844985
-0.022225753071618514	0.05175122810165986
-0.01819130772375196	0.05275714833042787
-0.014091485922521983	0.05344535997448284
-0.009950835989550138	0.053815370216922405
-0.0057938753986479085	0.053868429415196935
-0.0016449600269553034	0.0536074990061857
0.002471847393542985	0.053037188643602545
0.006532903586694918	0.05216376443571404
0.010515109520724913	0.050995056041081836
0.014396031476518294	0.049540462917771574
0.018154017757447093	0.047810858234353784
0.021768312877697964	0.045818562831122206
0.025219164437310003	0.04357728228586981
0.028487931040721472	0.0411020345104916
0.03155717412007654	0.03840903253639473
0.034410757105461084	0.03551572044163994
0.03703392358703049	0.03244047264368306
0.03941338115820788	0.02920278874496651
0.041537366446385546	0.025822806818996052
0.04339570749780551	0.022321611478484316
0.0449798759367805	0.018720666282535367
0.04628302397840686	0.015042095181323807
0.047300021247658405	0.011308185635050894
0.04802746605713415	0.0075415158474367895
0.048463702233981616	0.003764632096122757
0.04860880817372729	-3.3393426912553537e-17