0.38811729572820913	-1.3599135872387695
0.35938595181108157	-1.2718426792063366
0.33245314342100296	-1.1949182213140712
0.30709819719540427	-1.1271321245021075
0.2831391640427556	-1.0669248412086436
0.2604243867758209	-1.013066673363284
0.23882624320770726	-0.9645758991976862
0.21823642043827576	-0.9206587823128657
0.19856229140038684	-0.8806670124278576
0.1797241138434834	-0.8440655197929964
0.16165281244594001	-0.8104092576045423
0.1442882254379596	-0.7793248159038235
0.1275776922145663	-0.7504971523302545
0.11147491017208117	-0.7236576329683847
0.09593900486765032	-0.6985770891806784
0.0809337548218653	-0.6750578071833421
0.06642695324241044	-0.6529288828413133
0.05238987714827287	-0.6320420525236405
0.0387968327838377	-0.6122676689689778
0.025624783708560278	-0.5934917583178047
0.012853022305128456	-0.5756147433996494
0.00046289620678970425	-0.5585479985966568
-0.011562432824056012	-0.5422134609184
-0.023238186993961473	-0.5265415286586395
-0.03457815810239097	-0.5114703962694277
-0.0455948585730736	-0.4969447403819471
-0.05629965470589345	-0.48291478783768993
-0.06670288657688503	-0.4693364542123652
-0.0768139781094593	-0.45616959365712934
-0.08664152103001663	-0.4433784381453499
-0.09619336658259041	-0.4309305593211241
-0.1054766893907058	-0.41879672639111387
-0.1144980609408275	-0.40695068929819234
-0.12326350509333128	-0.39536861515865757
-0.13177855111108783	-0.38402901242430215
-0.1400482792618968	-0.37291225046676796
-0.1480773653196568	-0.3620009807452065
-0.15587012443214188	-0.3512793225387702
-0.16343053841252458	-0.34073281973297703
-0.1707622938342858	-0.3303488151736407
-0.1778688116510382	-0.32011556870980756
-0.18475326949772264	-0.3100226675290853
-0.1914186320387524	-0.30006089560438903
-0.1978676717745411	-0.29022193017117837
-0.20410298984126707	-0.2804983818034332
-0.2101270360030447	-0.27088375253643904
-0.21594212444171795	-0.2613721430863683
-0.22155045047743238	-0.2519586160139215
-0.22695411026237766	-0.24263890927557946
-0.23215511136894795	-0.23340925196499715
-0.23715538608422143	-0.22426648677535793
-0.2419568036621428	-0.21520802775016834
-0.24656118248774436	-0.20623171588062206
-0.25097029653672565	-0.19733572057375967
-0.25518588632328065	-0.18851881475049714
-0.25920967191610755	-0.17978031227456642
-0.2630433597042009	-0.171119580634375
-0.2666886441319337	-0.16253624246927628
-0.2701472164157406	-0.15403037980766368
-0.2734207744494579	-0.14560249687746216
-0.2765110281237553	-0.1372531084459853
-0.27941969878496975	-0.12898283027394716
-0.28214852493669385	-0.12079261982474555
-0.2846992697112308	-0.11268375896671017
-0.2870737248741758	-0.10465750235974378
-0.28927370850710726	-0.0967150808948869
-0.2913010681735724	-0.0888579686214319
-0.2931576863655263	-0.08108787991079072
-0.2948454833482141	-0.07340647480754495
-0.29636641361363364	-0.06581529347619705
-0.29772246690930587	-0.05831603297561442
-0.2989156719201174	-0.050910555762043355
-0.29994809808409584	-0.04360065398788976
-0.3008218513828145	-0.03638793463596652
-0.3015390736517983	-0.029274085899208043
-0.3021019447064721	-0.02226089401954502
-0.30251268322915376	-0.015350067153200763
-0.30277354240790755	-0.008543094728972682
-0.30288680800099194	-0.0018414836547853953
-0.3028547991256251	0.004753220170800534
-0.30267986830792665	0.011239552528261351
-0.30236439735772797	0.017616272443129747
-0.3019107946907235	0.023882170740527113
-0.30132149503641914	0.03003604817813501
-0.30059895876158244	0.036076789671615137
-0.2997456682116589	0.042003485174821734
-0.2987641247746335	0.047815289297258416
-0.2976568477973903	0.05351140370045341
-0.29642637332771044	0.05909111690369473
-0.29507525100864507	0.06455388975106126
-0.2936060412855088	0.06989926418738189
-0.29202131383505997	0.07512685343222075
-0.29032364590701937	0.0802363603239969
-0.2885156197461679	0.085227620918845
-0.2865998202378224	0.09010055399360131
-0.2845788331302479	0.09485516214773149
-0.2824552431638463	0.09949153805439921
-0.2802316319563293	0.10400987016848096
-0.27791057622465937	0.10841041992045762
-0.2754946460487466	0.11269353396648718
-0.27298640298735993	0.11685964588538796
-0.2703883983220416	0.12090925446314513
-0.267703171925798	0.12484291135530308
-0.2649332507447614	0.12866124919011224
-0.262081147005632	0.13236498121327903
-0.2591493567934972	0.1359548607103544
-0.2561403594681083	0.1394316741086413
-0.25305661647443145	0.14279627587274196
-0.24990056982935144	0.14604958854638303
-0.24667464097767297	0.14919256037256723
-0.24338123060107353	0.15222615267367606
-0.24002271782238613	0.15515137893492556
-0.23660145902324647	0.15796930742564394
-0.23311978684241838	0.16068102803652567
-0.22958001049653445	0.16328760316132473
-0.22598441553767434	0.1657901433167556
-0.2223352626078482	0.16818981581543785
-0.21863478684373625	0.17048777040853885
-0.21488519830943806	0.17268517010980464
-0.2110886814181621	0.17478318995139192
-0.2072473949962672	0.17678299750804105
-0.20336347209597874	0.17868579194762194
-0.19943901975017742	0.18049273753337564
-0.1954761198124016	0.18220498968040735
-0.1914768286214095	0.18382372827179658
-0.1874431764665248	0.18535015764266483
-0.18337716725318134	0.18678547347703206
-0.1792807796115576	0.18813079793810739
-0.17515596775302295	0.1893872526183137
-0.17100466121818386	0.1905559739727834
-0.16682876455211304	0.19163811331935804
-0.16263015717650767	0.19263480460770271
-0.15841069453183707	0.1935471174168575
-0.15417220872398785	0.19437612090523015
-0.1499165085073324	0.19512288318564355
-0.14564537931290883	0.19578846962077942
-0.14136058358061698	0.1963739116829378
-0.13706386163383596	0.1968802095596403
-0.13275693202039768	0.197308356558484
-0.12844149165324883	0.1976593395538558
-0.12411921600082985	0.1979341301155677
-0.11979175972347915	0.1981336619991199
-0.1154607572691354	0.19825885442038652
-0.11112782310398399	0.19831061702395703
-0.10679455192396563	0.19828984910227138
-0.10246251901374488	0.1981974243246662
-0.09813328086550771	0.19803419298930086
-0.09380837550900092	0.19780099481047111
-0.08948932273893596	0.19749865907686207
-0.08517762433037339	0.1971280054135674
-0.08087476443433671	0.1966898227161074
-0.07658221022850888	0.19618488233112852
-0.07230141202917562	0.1956139562681855
-0.0680338032706177	0.19497781863138905
-0.06378080052792544	0.19427722727278102
-0.0595438045122765	0.19351288375116335
-0.055324200534455005	0.19268550255022965
-0.05112335803896775	0.1917958213833553
-0.04694263035013696	0.1908445601774403
-0.04278335566190772	0.18983240941136192
-0.03864685654755873	0.18876009182903888
-0.034534440143656635	0.18762829667497175
-0.030447398901254825	0.18643767949726875
-0.026387010920862854	0.18518891720380426
-0.02235453879920636	0.18388273523118212
-0.01835122968636178	0.1825198160485228
-0.01437831634282681	0.18110080141482868
-0.01043701704342639	0.1796263913468239
-0.006528534360420283	0.1780973021197413
-0.002654055657118397	0.17651420900303008
0.0011852461567271443	0.17487777373282112
0.0049882134244880645	0.1731887311216587
0.008753704576878034	0.17144780434648516
0.012480593403845688	0.1696556768067223
0.016167768655787364	0.16781305702693364
0.0198141354804189	0.16592072027033022
0.023418615691207602	0.16397941005986813
0.026980146793187672	0.16198981251605554
0.03049768164993644	0.15995271273453546
0.033970192416142145	0.15786901780985924
0.037396669226015	0.1557394556514453
0.04077611730310336	0.15356475702382055
0.044107560033130544	0.15134578885730815
0.04739003892544798	0.14908337308638062
0.05062261418512791	0.1467784051201992
0.05380436641066292	0.14443180716363455
0.05693439373666374	0.14204430453323022
0.06001181283651055	0.139616919797049
0.06303576420110403	0.137150669593252
0.0660054063755796	0.13464629546194926
0.06891991749574633	0.1321048867939746
0.07177850094132616	0.12952751717820668
0.07458037935548617	0.12691498832143744
0.07732479638286147	0.12426846824031183
0.08001102355446252	0.1215891443224739
0.08263835066072919	0.11887766016217882
0.08520608835917665	0.11613535329145361
0.08771357698047562	0.1133633841047341
0.09016018079741306	0.11056293255024335
0.09254528935190107	0.10773505117642179
0.09486832980505139	0.10488088481701517