-0.9486832980505138	1.0488088481701516
-0.8708790887140233	0.8713100232735688
-0.8049845191073844	0.7515564833426212
-0.7473327913666483	0.6664980680166235
-0.6956483561606637	0.6037093177506239
-0.6484361868647809	0.5559091717839734
-0.6046724918699339	0.5185578005914463
-0.5636341817463729	0.4886854742846204
-0.5247985482704022	0.4642738218017824
-0.4877811560409113	0.4439073284957285
-0.45229578828016537	0.42656679804793124
-0.41812773841453366	0.41150140336011876
-0.38511549355777736	0.39814678705806084
-0.3531378821355103	0.38607088414442564
-0.32210487070485455	0.3749372682877281
-0.2919508615995254	0.36447975629127666
-0.2626297289573556	0.35448459897461376
-0.23411109428213472	0.344777662766953
-0.2063774887492015	0.3352152711720174
-0.17942215536983006	0.32567749393423845
-0.15324732144447173	0.31606334508681405
-0.12786280201352826	0.30628724552111697
-0.103284851237865	0.29627656248060696
-0.07953518058616779	0.2859698964175944
-0.05664009194375021	0.27531596011940856
-0.034629681209169615	0.26427293018404724
-0.013537083329639925	0.2528081396999345
0.0066022786351445616	0.24089807841052469
0.025751437148205682	0.22852849128405037
0.04387264885491088	0.21569464910987665
0.06092818453323458	0.20240166691267886
0.07688114169243332	0.18866473864838532
0.09169627483237659	0.1745093150339636
0.10534083347978318	0.15997110056228014
0.11778539186971836	0.14509585473553618
0.12900465282697224	0.1299389392416963
0.13897820213224066	0.11456457862892756
0.14769119280791568	0.09904485235842406
0.15513493498950412	0.08345840452110168
0.16130737126788416	0.06788893619167193
0.16621342049914756	0.05242350298674405
0.16986517790484648	0.03715069817231983
0.17228196579472166	0.02215881165143173
0.17349023529397878	0.00753404818429666
0.17352332664651895	-0.006641178157192404
0.1724210990624916	-0.020289617937720317
0.17022945536199305	-0.03334053222742409
0.1669997759930196	-0.04573052897882108
0.1627882893396624	-0.057404186432662666
0.15765540535006073	-0.06831442885687775
0.1516650335271664	-0.07842252882955235
0.14488390697719633	-0.08769790939774592
0.13738093264378784	-0.09611778381118011
0.12922658034897982	-0.10366654012952485
0.12049232031911404	-0.11033510802380797
0.11125011816952665	-0.11612028468817538
0.10157198905656374	-0.12102398951209996
0.0915296070700851	-0.12505252772099576
0.08119397126330472	-0.12821601958864406
0.0706351212633698	-0.13052781173571157
0.05992189390357019	-0.1320039756583974
0.04912171512003588	-0.132662963319922
0.038300419033976324	-0.1325253227811373
0.02752208492814875	-0.13161350607775255
0.016848885771154194	-0.12995179036692198
0.006340941271990643	-0.12756625296898305
-0.003943830861301237	-0.12448480994017273
-0.013949869646516146	-0.12073733767424133
-0.023624133689272197	-0.11635577950963075
-0.03291627644196903	-0.11137427823388539
-0.04177883177690602	-0.10582933345106904
-0.05016741081478869	-0.09975990578319945
-0.058040905700777044	-0.09320750282046414
-0.06536169797635474	-0.086216174474156
-0.07209586710465861	-0.07883249058472011
-0.0782133912953636	-0.07110545947632818
-0.08368833632276577	-0.06308629563498727
-0.08849902675950355	-0.05482811658953457
-0.09262819087220299	-0.04638567720652736
-0.09606307280167349	-0.037814921140848515
-0.0987955101733606	-0.029172452733269648
-0.1008219707203434	-0.020515054517602126
-0.10214354334493696	-0.011899167482181842
-0.10276588473378172	-0.0033802726261039006
-0.10269912113948695	0.004987635110402736
-0.10195770475971304	0.01315255993747549
-0.10056022967304226	0.021065020650589104
-0.09852921104392459	0.0286784538803148
-0.09589083075593462	0.035949549039538786
-0.09267465764262718	0.042838586299104656
-0.08891334728550783	0.04930970849350042
-0.08464232661704865	0.055330813184039415
-0.07989946933909423	0.060873935344100225
-0.07472477410479787	0.06591508413453306
-0.06916003465225873	0.07043412200897022
-0.06324852354318586	0.07441490543808933
-0.0570346834328612	0.07784494938483173
-0.050563824930368984	0.08071535151416204
-0.04388184293911414	0.08302069219140455
-0.037034942036620014	0.08475878000499766
-0.03006937596922903	0.08593056371755842
-0.023031199782425855	0.08653994631522431
-0.015966032171997806	0.08659369374603625
-0.0089188301040192	0.0861012799924119
-0.0019336677518367261	0.08507480933862643
0.0049464723007241985	0.08352897274906977
0.011679905643091924	0.08148088564708311
0.018226446110924485	0.07895013789149871
0.024547600138625194	0.07595866116028113
0.030606759023918663	0.07253070474790213
0.03636938360542781	0.06869276024241287
0.041803185571392364	0.06447349433065162
0.04687829895229017	0.05990364536714212
0.051567446164633914	0.05501587162834285
0.0558460895875747	0.04984469750283646
0.05969257154820748	0.04442618844349075
0.0630882406508885	0.03879789080453757
0.06601755378034951	0.0329985046785916
0.06846816433943395	0.027067606214127096
0.0704309840046412	0.02104544900794535
0.0719002191305846	0.014972554001709838
0.07287338451313198	0.008889417289849832
0.07335128710454447	0.0028362199620276217
0.07333798450890883	-0.0031475647365141603
0.07284071664061906	-0.009023446747352408
0.07186981112873607	-0.014754255873017754
0.07043856575258711	-0.020304400557353573
0.06856310682835898	-0.025640124160764447
0.06626222988104166	-0.03072982241783143
0.06355722149078855	-0.03554402763624962
0.06047166633636156	-0.04005585125443445
0.057031247805886066	-0.04424084358289565
0.05326352913271377	-0.04807723807927084
0.04919774280480175	-0.05154601744234938
0.044864562252482906	-0.05463077673008602
0.04029588219281838	-0.0573180044228461
0.03552459526482634	-0.05959677745683654
0.030584368404446775	-0.061458955319646145
0.025509428551909536	-0.06289901988080769
0.020334344372925764	-0.06391403965906509
0.015093819161239159	-0.06450366766174681
0.00982248403542033	-0.06467000389918917
0.004554698141812906	-0.0644175998651686
-0.0006756465321444724	-0.06375335656472363
-0.005835315583777044	-0.06268647942061317
-0.010891917119305986	-0.061228411542924764
-0.01581408152944403	-0.05939276290482999
-0.020571635944069074	-0.057195250386470005
-0.025135772019006748	-0.05465360892356438
-0.029479208578097858	-0.05178751359000416
-0.033576344784440826	-0.04861849807187654
-0.037403407526881344	-0.045169795846803376
-0.04093858736197094	-0.04146630934426837
-0.04416216417396515	-0.037534351706940645
-0.047056623044491354	-0.0334016090295631
-0.0496067519251135	-0.029096882693325783
-0.051799729968722556	-0.024649920932897335
-0.05362519614196643	-0.020091267301673137
-0.055075301665524885	-0.015451952620625061
-0.05614474545772982	-0.010763338807639883
-0.05683078825531579	-0.006056866769253129
-0.057133250098371835	-0.0013637914716474327
-0.0570544866727831	0.003285012786209686
-0.05659934717576461	0.007859318002031936
-0.05577511347714697	0.012329742092214891
-0.05459142132004319	0.016667989424298812
-0.05306016567221993	0.02084700955770634
-0.0511953881096993	0.024841210857366132
-0.0490131550494225	0.028626621447242553
-0.04653141816036266	0.03218095840483409
-0.04376986894427415	0.035483888271986175
-0.04074978273734381	0.03851694581435507
-0.037493853463180196	0.04126376745700484
-0.03402602884188643	0.043710063466592765
-0.030371333874316654	0.04584364282861687
-0.026555698968288972	0.04765454192855501
-0.022605782160269306	0.04913488273064649
-0.018548791947237905	0.05027901410097946
-0.014412313192039231	0.0510834086942939
-0.010224129458156907	0.051546662684950624
-0.00601205344628893	0.0516695029695105
-0.0018037546550075377	0.05145468455925498
0.0023734068047190004	0.05090703375161488
0.006492543590966907	0.050033320144485985
0.010527401542237042	0.048842267818775036
0.014452513548317072	0.04734446630045198
0.018243351194388087	0.04555230274146729
0.02187646799385514	0.04347992688369651
0.025329638649796815	0.04114310363554728
0.02858199038797576	0.03855920729682785
0.031614124501702166	0.035747022821552364
0.03440823726511771	0.032726791611153015
0.036948217284985874	0.029519807797831723
0.03921974708625245	0.02614868902435746
0.041210382277826293	0.02263673852189875
0.042909623686145544	0.019008329547637228
0.044308977512313476	0.015288186070055627
0.04540199314646306	0.011501720952858674
0.046184301076447706	0.007674425519843067
0.046653617207709164	0.0038320074172141427
0.04680975229749396	5.984795992119984e-17