-0.31005152411712267	1.3798072518983873
-0.2795611836768015	1.2846926237648062
-0.2511002325030172	1.2021624539497997
-0.2244090062248745	1.1298288771718992
-0.1992757798105383	1.065863574693856
-0.17552582535997024	1.0088435052860496
-0.15301341700377055	0.957644312331153
-0.13161589508451224	0.9113664376892224
-0.1112291610435285	0.869281444129854
-0.09176421416864333	0.8307935710828472
-0.07314447377430326	0.795410443656886
-0.05530365169673057	0.762722289753706
-0.03818407012757451	0.732385180557323
-0.02173529499499547	0.7041083649745888
-0.005913043365541146	0.6776442041949237
0.009321722814260079	0.6527813240790413
0.024003540928737226	0.6293371872828477
0.03816306705120563	0.6071547071015616
0.05182759937670127	0.586097097345683
0.06502150560985265	0.5660448765303323
0.07776659376101697	0.5468938148304268
0.09008243601503729	0.528552260806892
0.10198662971902092	0.5109394599261706
0.11349503595259369	0.4939841633922811
0.1246219775951968	0.4776232145264419
0.13538041544958623	0.4618006401981706
0.14578209997862282	0.4464666402429125
0.1558377079002103	0.4315771236690871
0.16555695832116477	0.41709242737475005
0.17494871449149468	0.40297754907171385
0.18402108342644669	0.38920120290656995
0.1927814927053983	0.3757354038646548
0.20123676582317224	0.36255530976063666
0.20939318803918258	0.3496387037750036
0.2172565645755651	0.33696588753567874
0.22483227584002854	0.32451938073721537
0.23212532396085095	0.31228363038783863
0.23914037670509292	0.30024498304902714
0.24588180850509575	0.28839140458855494
0.2523537342171751	0.2767122744429698
0.25856004186869624	0.2651983962078669
0.26450442331833224	0.2538417944358205
0.2701904008222049	0.2426356310018769
0.2756213515118873	0.23157404909768414
0.2808005290740168	0.22065211830726084
0.28573108388268453	0.2098657459912416
0.2904160826001233	0.1992116902394134
0.2948585248692497	0.18868731683552906
0.2990613566139319	0.17829058984386184
0.30302748514261896	0.16802012624921162
0.30675978940858184	0.15787483802293548
0.31026112971757025	0.14785421794099446
0.3135343618529596	0.13795835310162968
0.316582346063585	0.12818744590031042
0.31940794828198427	0.11854189007118159
0.3220140490925383	0.10902257357563325
0.32440355326769416	0.09963061855709031
0.3265793898562065	0.09036706947552967
0.3285445149418	0.08123327441608962
0.3303019190831959	0.07223084540540887
0.3318546282951624	0.0633612307117359
0.33320570204075856	0.05462596762183495
0.3343582375984469	0.04602680742849133
0.33531537202374107	0.03756539293321292
0.33608027784658356	0.029243247897204085
0.33665616385248853	0.021062019479336017
0.3370462769526595	0.013023325416823522
0.3372538980597192	0.005128544992961346
0.3372823395553837	-0.0026209315799235406
0.33713494596190247	-0.01022371437284806
0.33681509110869545	-0.017678658039270625
0.33632617342581594	-0.024984719599993013
0.3356716150805243	-0.03214087649579037
0.3348548599955411	-0.039146290008287746
0.33387936888782177	-0.046000298586698976
0.3327486167667115	-0.05270231534762283
0.331466090914888	-0.059251876779998346
0.3300352867442833	-0.06564872857969345
0.32845970418221543	-0.07189271850512592
0.32674284560157346	-0.07798379796898575
0.32488821240742893	-0.08392209810205821
0.32289930161277836	-0.08970786777024535
0.32077960304900766	-0.09534148572663204
0.31853259644201715	-0.10082345670920512
0.3161617483986397	-0.10615441822000364
0.31367050972817184	-0.11133510888473956
0.3110623129999519	-0.11636639059122904
0.30834056985288966	-0.1212492130248618
0.3055086692719316	-0.12598461702939284
0.3025699749818501	-0.13057376727207487
0.2995278226803519	-0.13501793736736084
0.29638551854251266	-0.13931842211516618
0.2931463384361621	-0.14347658831009547
0.28981352568327734	-0.1474939108350363
0.28639028866109795	-0.15137195603034023
0.2828797998698961	-0.15511227749657674
0.2792851959749322	-0.15871646898611275
0.2756095761551217	-0.16218620989864682
0.27185600019318923	-0.1655232523816005
0.26802748792622094	-0.16872931585056897
0.2641270199409658	-0.17180612787083327
0.2601575365565464	-0.17475547705312003
0.25612193644932113	-0.17757920502256125
0.2520230763802128	-0.18027911157914234
0.24786377232995915	-0.18285697691294087
0.243646799080958	-0.18531461861550383
0.2393748893583616	-0.18765388785525144
0.23505073377769642	-0.18987659185643074
0.23067698221780777	-0.19198449724316388
0.22625624391381458	-0.19397938726239172
0.22179108705186934	-0.1958630610806669
0.2172840389039321	-0.19763727543667284
0.21273758727581996	-0.1993037329998094
0.20815418099553046	-0.2008641361231236
0.2035362298756092	-0.20232018832065646
0.1988861050069687	-0.20367355360152845
0.1942061401678285	-0.20492583542065904
0.18949863258421365	-0.20607862413240846
0.1847658431667614	-0.20713349997637448
0.18000999693196387	-0.20809200680721365
0.1752332843015786	-0.20895562725921304
0.17043786201771163	-0.2097258221001243
0.16562585356615853	-0.21040403421705228
0.16079934968817564	-0.2109916730592376
0.15596040953335907	-0.21149009047365297
0.15111106162777027	-0.21190061135753427
0.14625330440435655	-0.21222453829727458
0.14138910676496155	-0.21246314305539102
0.13652040907443014	-0.21261764650645137
0.13164912409257506	-0.21268924076370951
0.12677713754867587	-0.21267909379148456
0.12190630871701853	-0.212588345280097
0.11703847124943012	-0.21241809263861727
0.11217543400635116	-0.2121694053771189
0.10731898161959401	-0.2118433293984866
0.10247087504303011	-0.21144088510117198
0.09763285223551856	-0.21096305974541815
0.09280662883632036	-0.2104108163547593
0.08799389867274893	-0.20978509627966413
0.08319633426119089	-0.20908681849219293
0.0784155873477242	-0.20831687798302956
0.07365328939477554	-0.20747615130812888
0.06891105199614568	-0.2065654965552636
0.06419046730514619	-0.20558575282002098
0.059493108453426535	-0.20453774371314662
0.05482052980386061	-0.20342228348161298
0.05017426724288837	-0.20224017066573588
0.04555583855052188	-0.20099218797390103
0.04096674367644237	-0.19967911212594627
0.036408464792896784	-0.19830171689224646
0.031882466454890436	-0.19686076649102094
0.02739019582704738	-0.19535701454969973
0.022933082904862307	-0.19379121153919512
0.01851254026382773	-0.19216412529383492
0.01412996298426364	-0.19047651281273065
0.009786728976336655	-0.18872911713903995
0.005484199053812986	-0.18692269502929024
0.0012237164620549704	-0.18505801798307225
-0.002993393227668196	-0.18313585823994824
-0.007165822158976164	-0.18115699050330536
-0.011292280323164414	-0.17912220073624435
-0.015371495876942216	-0.1770322877118975
-0.01940221540996923	-0.17488806280498637
-0.023383204259053048	-0.17269035106556968
-0.027313246707620073	-0.17043998175665231
-0.031191146438510904	-0.16813782409869182
-0.03501572725328146	-0.1657847581335777
-0.03878583306643311	-0.1633816600122604
-0.042500328007769046	-0.16092942917156158
-0.046158097453435416	-0.1584290143050766
-0.04975804859723867	-0.15588136875760733
-0.053299110528110594	-0.1532874556530528
-0.056780234878342925	-0.15064828127514354
-0.06020039660124576	-0.14796487184176135
-0.0635585943348469	-0.14523827107965398
-0.06685385099787867	-0.14246955503419173
-0.0700852143604121	-0.1396598177210076
-0.07325175763387887	-0.13681018839669645
-0.0763525802514804	-0.13392182364242147
-0.07938680836130795	-0.13099590157957114
-0.0823535954259164	-0.12803362866570497
-0.0852521226560032	-0.12503621360278044
-0.0880815996307697	-0.12200495742877612
-0.09084126658321331	-0.11894118720802041
-0.09353039300369062	-0.11584615668363475
-0.0961482784435973	-0.11272122777306683
-0.09869425289935939	-0.1095677079513976
-0.10116767778939564	-0.10638705238850214
-0.10356794874012812	-0.10318072383618138
-0.1058944926065483	-0.09995005501734323
-0.1081467699027705	-0.0966966362393243
-0.11032427584928664	-0.09342186381965964
-0.11242653850132604	-0.09012729188326496
-0.114453122630119	-0.0868144683053979
-0.11640362679231617	-0.08348488805527282
-0.11827768731611345	-0.08014029569467189
-0.12007497502310152	-0.07678194859454393
-0.12179519475346459	-0.07341165491997559
-0.1234380920361383	-0.07003108939960576
-0.12500345114316508	-0.06664188023192692
-0.1264911064067352	-0.06324555320336758