0.12799050209353374	-1.4084098945682169
0.0733963503975739	-0.7232815692577061
0.04088931983009301	-0.4873966108720978
0.017633787790805676	-0.3677074479040852
-0.00048177599891767594	-0.2949062735687235
-0.015296245185245683	-0.24552348842182917
-0.027786472563900967	-0.20942331130871222
-0.038529818285956946	-0.18152223202068574
-0.04789334793344429	-0.15899775651601725
-0.056123212228342746	-0.14016470874636128
-0.06339145195511056	-0.12396083069787557
-0.06982249250672937	-0.1096898383406441
-0.07550908143562024	-0.09688149625696568
-0.08052237689829443	-0.0852122737921613
-0.0849185692901061	-0.07445649433362632
-0.0887433860117537	-0.06445602539241396
-0.09203521823157669	-0.055099875827818195
-0.09482731556625845	-0.04631068310030754
-0.09714935394176812	-0.03803473245693052
-0.09902853524433186	-0.03023495169992832
-0.10049035339258915	-0.022885685137842476
-0.10155911104047222	-0.015968800220669262
-0.10225825041559447	-0.009470793284416685
-0.10261054696124072	-0.003380670056401856
-0.10263820341831771	0.002311565818789201
-0.10236287447841404	0.007615940595822735
-0.10180564629521774	0.012543142864438583
-0.10098698874587747	0.01710487964486693
-0.09992669533083824	0.021313989672237504
-0.09864382179812903	0.025184398771844967
-0.09715662913157733	0.028730973478825948
-0.09548253881404267	0.031969297227132626
-0.09363809804513518	0.03491544199988324
-0.09163896277272846	0.0375856553113855
-0.08949989110751332	0.039996225434830654
-0.08723475109629342	0.04216313235850866
-0.08485653912664981	0.044101994439091304
-0.08237740837417659	0.0458277759474535
-0.0798087039150687	0.047354813884487555
-0.07716100373963358	0.048696600032004836
-0.07444416426315899	0.04986581723302796
-0.07166736781910622	0.05087424282429086
-0.06883917153300001	0.05173278463189225
-0.06596755638213594	0.05245144743135473
-0.06305997539081373	0.053039386312799114
-0.06012340055221707	0.05350491006533078
-0.05716436797443705	0.05385553349144127
-0.05418902059448011	0.05409801616918836
-0.05120314853771027	0.05423841185263287
-0.048212226685198784	0.05428211263525233
-0.04522144960629039	0.05423390732221091
-0.04223576372554571	0.05409802230208536
-0.03925989659987272	0.05387817797849754
-0.03629838372874366	0.0535776357096805
-0.03335559244046483	0.0531992413392907
-0.030435743422342766	0.052745479038160084
-0.027542929658843165	0.05221850763942681
-0.024681132841845616	0.05162021040940259
-0.021854237718460734	0.05095223402613
-0.019066043768173696	0.05021602738579647
-0.016320275072587657	0.04941288846899108
-0.013620587729254752	0.04854399061617981
-0.01097057523364916	0.04761043711014715
-0.008373772046484639	0.04661327759850573
-0.005833654794766325	0.04555355941643339
-0.003353642039522028	0.04443235899004557
-0.000937091416655487	0.04325080297799047
0.0014127039021884372	0.04201011993061551
0.0036925213382031996	0.04071164338737035
0.005899216756804189	0.03935688927571908
0.00802973279795357	0.03794750068204801
0.010081109839631511	0.03648537576779974
0.012050496958815668	0.03497257618466751
0.013935165194963251	0.03341145425389794
0.015732520189200787	0.03180456302645437
0.017440117782641415	0.030154774950152886
0.01905567668076896	0.028465162382314654
0.020577095360177544	0.026739134791882998
0.022002464156784706	0.02498029653108341
0.023330083258130838	0.02319259738141892
0.024558473557152755	0.021380129108735654
0.025686388170940568	0.019547242117515105
0.02671282823512626	0.017698530847615367
0.02763705101462818	0.015838724473125527
0.028458578725344387	0.013972702265899058
0.029177205717168	0.012105449531873582
0.029793003499058647	0.0102420266026178
0.03030632366927931	0.008387531074247633
0.03071779871617418	0.006547057934822346
0.031028340714511563	0.004725655280624542
0.0312391378926218	0.002928285618982292
0.031351649096877966	0.001159795172507267
0.031367596201117245	-0.0005751211697677755
0.03128895472420903	-0.002271954820923379
0.03111794275498992	-0.003926414437049297
0.03085700853283865	-0.00553444768965014
0.030508816590696847	-0.0070922620666333145
0.030076232891455737	-0.008596339590054245
0.02956230936298934	-0.010043454114253236
0.028970267751108315	-0.011430668151429079
0.028303483031527923	-0.012755355826104878
0.027565467307355315	-0.014015179282446128
0.026759852703568246	-0.015208103337512349
0.025890376634754804	-0.01633236489404159
0.024960862429333545	-0.01738656322033515
0.023975208591647618	-0.018369403267504303
0.022937373445053585	-0.01928001203827681
0.021851360080712586	-0.02011765115370095
0.02072120369494904	-0.020881838862181618
0.019550960012903112	-0.02157231292184053
0.01834469428994089	-0.02218901281597307
0.017106471227790465	-0.022732043397940566
0.01584034441906444	-0.023201664796276347
0.0145503484976733	-0.02359829762829915
0.01324049115428026	-0.02392251009706066
0.011914745670949356	-0.024174983014187204
0.010577043976818114	-0.024356524840046412
0.009231270660317415	-0.02446805294524245
0.007881256882997314	-0.024510583106685427
0.0065307750082802376	-0.02448523334997668
0.005183533258682756	-0.024393212624559332
0.003843170735606449	-0.02423582035808093
0.0025132524991271638	-0.024014443457827665
0.0011972645287051517	-0.023730564629749196
-0.00010139098861571203	-0.023385742587595917
-0.0013794006493962362	-0.022981639182723466
-0.002633544748172681	-0.02251999568771924
-0.003860702510611669	-0.022002657296371297
-0.005057857033812338	-0.02143155474170372
-0.006222101091377	-0.020808724223119118
-0.007350641217156163	-0.020136292342913024
-0.008440806923545907	-0.019416539894036085
-0.009490052559140635	-0.018651746909734136
-0.01049596142174756	-0.01784435352199044
-0.011456257111367983	-0.01699693520322971
-0.012368805538659475	-0.016112123159405703
-0.01323162090393896	-0.015192659080636078
-0.014042871116992353	-0.014241377979608406
-0.014800882887203574	-0.01326120858133642
-0.01550414645125712	-0.012255150397954813
-0.016151319802601195	-0.011226291252826206
-0.01674123271855475	-0.01017778050097643
-0.017272890087512822	-0.009112821786666081
-0.017745474688228267	-0.008034662048212347
-0.018158349348026914	-0.006946583480966899
-0.01851105834168645	-0.0058518876116174555
-0.018803328097696546	-0.004753881512964698
-0.0190350671986853	-0.003655865996919009
-0.019206365348193526	-0.0025611103383920844
-0.01931749249074018	-0.0014728890969183945
-0.019368896263354557	-0.0003943462660874252
-0.019361195323943398	0.0006713985293667047
-0.01929518210412192	0.0017212355269199176
-0.019171812789642324	0.002752281419159513
-0.0189922039454014	0.0037616137510931543
-0.018757627652536628	0.004746531045463477
-0.01846950229409789	0.00570439620721868
-0.018129388622840706	0.006632714148171885
-0.017738980049707986	0.007529141943228682
-0.0173000960644918	0.00839146166148133
-0.01681467403154936	0.009217608085920467
-0.016284760852534535	0.010005677582953095
-0.01571250423750318	0.010753906967007348
-0.01510014483406448	0.011460699858380486
-0.014450006818551298	0.012124604720301494
-0.013764490485754633	0.01274433104365214
-0.013046062403443885	0.013318740986100634
-0.012297248548419803	0.013846840516579804
-0.011520624508399024	0.014327798612074161
-0.010718808897916689	0.014760907124440874
-0.009894454105658791	0.015145627925020526
-0.009050239728995336	0.01548152772806742
-0.008188864194057902	0.015768343411110112
-0.007313038065749626	0.016005905321443675
-0.006425476715007603	0.01619420356561892
-0.005528893287970745	0.016333330929329124
-0.004625992252119302	0.016423505880559366
-0.0037194628347952496	0.01646506479999094
-0.0028119726634770422	0.01645845516253703
-0.0019061615447813843	0.01640423634725909
-0.0010046354576866458	0.01630307730525344
-0.00010996067274862826	0.016155751009306156
0.0007753421327719921	0.015963136643540144
0.0016488035583312084	0.015726215329256964
0.002508010851199707	0.015446065137884555
0.0033506137602050076	0.01512386872569828
0.0041743295212370276	0.01476090154784556
0.00497694861912288	0.014358534571935339
0.005756339413130893	0.013918234528077196
0.006510453833022862	0.013441556940091507
0.007237331638671518	0.012930137504234824
0.007935106147447196	0.012385739496414501
0.008602009039151188	0.011810156722439786
0.009236372425197653	0.01120525506346932
0.009836635898011212	0.010573042536634597
0.010401349434456907	0.009915552428224417
0.010929177369278717	0.009234881948948372
0.011418901990217797	0.008533209444860015
0.011869427059349178	0.007812728868469752
0.012279777233016775	0.00707573727028157
0.012649110640673518	0.006324555320336762