-0.3162277660168373	-1.3784048752090226
-0.38815748941271916	-0.5007815737702626
-0.419824688658204	-0.25044495495139185
-0.43571000464411686	-0.12148048968126196
-0.4427389786647868	-0.04411538443573588
-0.44434915439143624	0.003804921826170156
-0.4426016939286111	0.03343395129803538
-0.43878544963882943	0.051614979351688337
-0.43370334471768235	0.06270893590892943
-0.4278498935127174	0.06946132257256342
-0.4215270898618657	0.07356987610031464
-0.4149186345368011	0.07607118999190833
-0.40813625294038114	0.0775939746838912
-0.4012480766281672	0.07851871698608849
-0.3942958454495127	0.07907592077457547
-0.38730528996518715	0.07940568450048738
-0.38029239599905496	0.07959344660426504
-0.37326719023236643	0.07969161058775245
-0.3662360378448831	0.07973245923731857
-0.35920304322980656	0.07973597218568795
-0.35217090891259195	0.07971456872324578
-0.3451414648781501	0.07967596657521511
-0.33811599904617545	0.07962498963597733
-0.3310954608649654	0.079564613833791
-0.32408059240477555	0.07949665584018459
-0.3170720110367589	0.07942218994944668
-0.31007026159501916	0.0793418097992404
-0.30307585194703957	0.07925578550129517
-0.2960892758464952	0.07916417927088384
-0.2891110287631604	0.07906689933851589
-0.2821416195668373	0.07896374396506176
-0.27518157734879706	0.07885444131545293
-0.2682314599473017	0.07873863647013829
-0.26129185867358196	0.07861591558208396
-0.25436340319519274	0.07848582351014195
-0.2474467662567631	0.07834784346149216
-0.240542668391495	0.07820140330979687
-0.23365188280505272	0.07804587771224257
-0.22677524024309703	0.07788058546977104
-0.21991363445853696	0.07770478316006992
-0.21306802800391092	0.0775176526711455
-0.20623946002440788	0.07731830850869793
-0.19942904590740954	0.07710581915024411
-0.1926379947409368	0.07687908081006703
-0.18586761175526023	0.07663696345584699
-0.17911930853112476	0.07637821258936552
-0.17239460964800812	0.07610148720679881
-0.16569516706905651	0.07580527398883051
-0.15902276840052276	0.0754879769780148
-0.15237935233002003	0.07514780115758331
-0.14576701546265372	0.07478290334234763
-0.1391880348159242	0.07439109787843154
-0.1326448776815061	0.07397020104697158
-0.1261402206080033	0.07351768380524026
-0.11967696741573791	0.07303089466285287
-0.11325826796665683	0.07250693679499337
-0.1068875362838052	0.0719426679105099
-0.10056847581734306	0.07133471025442527
-0.09430509914331293	0.0706794059643521
-0.0881017520693324	0.06997285913283696
-0.08196313762866332	0.06921087178110384
-0.0758943401960984	0.06838899260562335
-0.06990084923802652	0.06750247755802444
-0.0639885836959529	0.0665463531415152
-0.05816391260887051	0.06551539228798646
-0.05243367398399179	0.06440416981790027
-0.046805192712777485	0.06320709576433414
-0.04128629148279045	0.06191848224368423
-0.03588529641720937	0.0605326177948327
-0.030611034831001457	0.05904387259482677
-0.025472823175077864	0.05744679670628062
-0.02048044447676707	0.055736282996558056
-0.015644111393232178	0.05390774465428318
-0.010974413730875977	0.05195723116531895
-0.006482249878780153	0.049881740343628855
-0.002178737177981571	0.047679349169675034
0.001924894218427524	0.045349452984772984
0.005817433652785311	0.04289312968739042
0.00948783679330168	0.04031313636255136
0.012925392454454671	0.037614277027561115
0.016119906429391893	0.034803500539567614
0.019061896382730724	0.03189001061114066
0.021742792995994027	0.028885305939635026
0.02415514141163588	0.025803143774142268
0.026292795491933602	0.02265941458934071
0.02815109713056932	0.019471927966553882
0.029727033240198528	0.016260119423423054
0.031019361990405815	0.013044648520892946
0.032028703628711234	0.00984700283354749
0.03275759256476593	0.006689012385149697
0.03321048531532331	0.003592355091269192
0.033393726816051766	0.0005780870741624181
0.03331547662690533	-0.00233374832739183
0.032985598480695454	-0.0051246364004493925
0.03241551738596754	-0.007777705667209949
0.031618058626873405	-0.010278136789380672
0.03060726455605299	-0.012613156705450027
0.0293982116221686	-0.014772063938324555
0.028006812464089165	-0.01674659617337123
0.02644963616293948	-0.018530182481354806
0.02474373484373675	-0.02011834278774525
0.022906479746704563	-0.021508309550903017
0.02095541603222263	-0.022698875445722147
0.018908134011502264	-0.023690193865028734
0.01678215698031577	-0.024483600176773535
0.014594844764264581	-0.02508143930616907
0.012363311313312992	-0.025486918890747078
0.010104354175836038	-0.025703987778424118
0.007834393587727315	-0.025737238784027134
0.005569417735940062	-0.025591865791449526
0.003324933927472072	-0.025273583535089354
0.0011159209501055633	-0.024788650899057754
-0.0010432179728194298	-0.024143863221729147
-0.003138703183709068	-0.02334657359962046
-0.005157429064760993	-0.022404719029492703
-0.007087017270442606	-0.021326853452118263
-0.00891587317318556	-0.02012219788243955
-0.010633243957422623	-0.01880063296900065
-0.012229280536755802	-0.017372768345737487
-0.013695093863781139	-0.015849732140023467
-0.015022816037564647	-0.014243617784814516
-0.016205666117407973	-0.01256684668887836
-0.01723798220557444	-0.010832487861133507
-0.01811527906377579	-0.009054049782235583
-0.018834275478790137	-0.007245340914328877
-0.01939291870189137	-0.00542037186480193
-0.01979039388751856	-0.0035931821275379866
-0.02002712066605501	-0.0017776976260906105
-0.02010473548430956	0.000012434574366191838
-0.02002606107907526	0.0017640221491620192
-0.019795058766039837	0.0034644193509785347
-0.0194167747140218	0.005101714777514421
-0.018897270813552525	0.00666481093928128
-0.018243547702670358	0.008143527766450902
-0.017463460803618613	0.009528670032698933
-0.01656563103508623	0.010812076928024833
-0.015559352721444429	0.011986647082849128
-0.01445449981047467	0.013046342996321274
-0.013261432387800974	0.013986173243617643
-0.011990904839986294	0.014802177851950385
-0.010653976658905578	0.015491394873439146
-0.009261926538991038	0.016051812564266365
-0.00782617007666552	0.016482328527716035
-0.006358181480719769	0.016782707924270425
-0.004869419102964515	0.016953539956599532
-0.003371254444827519	0.016996197701750124
-0.0018749043898126146	0.016912808901742616
-0.0003913661977573306	0.016706221885312532
0.0010686451947304438	0.016379988207960213
0.002494757642450892	0.015938319838532326
0.003877000785920275	0.015386115435575812
0.005205865091844202	0.01472892769200171
0.006472351654269512	0.013972772354982569
0.007668032692437392	0.013124608269218147
0.008785108956128171	0.012191635764639231
0.00981644205297638	0.01118176034581814
0.010755617065887752	0.010103374403477323
0.011596976998229674	0.008965309896984384
0.012335663364561912	0.007776813861429686
0.012967647719977436	0.006547455380171809
0.013489757775514703	0.005287063515725115
0.013899696302673138	0.004005638963221359
0.014196052368869084	0.002713262328444053
0.014378304430837855	0.0014200025840581125
0.01444681510726974	0.00013582079078284343
0.01440281749273577	-0.001129523589976847
0.014248393213963158	-0.0023665636201164373
0.013986442247505369	-0.003566226827437813
0.013620646701181297	-0.004719839409809105
0.013155428740280176	-0.005819346493579153
0.012595893512670845	-0.006857261521201893
0.011947784518256573	-0.007826694886013705
0.011217419086047797	-0.008721445731664234
0.010411630455172252	-0.009536065411962646
0.009537702955977799	-0.010265772023836524
0.008603307776756308	-0.010906556201050766
0.00761643870239363	-0.011455140434319725
0.006585346078448369	-0.011908960655480902
0.005518473613081675	-0.012266202674034783
0.004424394705842498	-0.012525744078900428
0.0033117499889653472	-0.012687167776668888
0.0021891872390418197	-0.01275073626523081
0.0010653016798537515	-0.01271737096707888
-0.000051421503561883273	-0.012588643024896656
-0.001152663258874154	-0.012366746035839243
-0.002230325201400295	-0.012054486638484624
-0.003276582470905993	-0.011655257308962086
-0.004283934716867258	-0.011173020050412399
-0.00524525527197321	-0.01061228213655544
-0.006153838199422645	-0.009978072451876116
-0.00700344290487246	-0.009275908361396178
-0.007788335772213813	-0.008511761577067916
-0.008503329404099355	-0.007692042984323698
-0.009143816710553672	-0.006823473478172817
-0.00970580201150803	-0.005913229036382726
-0.010185931177991032	-0.004968629858189856
-0.010581507783370164	-0.003997271965341121
-0.010890512526015183	-0.0030069008955715746
-0.011111612949708685	-0.0020053432274492093
-0.01124416826478615	-0.001000445982414396
-0.011288227942686236	3.0357660829594124e-18