1.140175425099138	0.8366600265340758
1.1811667206031153	0.046879741083467645
1.1779741563466704	-0.062485668588810564
1.1683596028950485	-0.07863113015640467
1.1577969145481968	-0.08102386469303492
1.1470932519338501	-0.08138111063088486
1.1363686505629669	-0.08143260936472892
1.1256412521611947	-0.08143733695123356
1.114913855021165	-0.08143470535927551
1.1041869093059358	-0.0814308156742797
1.0934604993182495	-0.0814266241203448
1.0827346520581302	-0.0814222789644917
1.072009385852429	-0.08141780227094444
1.061284719460981	-0.08141318040251952
1.0505606698317085	-0.08140842828244078
1.0398372528724384	-0.0814035584481657
1.0291144899533593	-0.08139851606572053
1.0183924011784198	-0.08139331893641163
1.0076710077686553	-0.08138796171502853
0.9969503313296137	-0.08138242648989184
0.986230393268956	-0.08137673861211601
0.975511217677909	-0.08137085621221639
0.9647928293027586	-0.0813647849163629
0.9540752538449466	-0.08135851398750049
0.9433585182017755	-0.08135204330352905
0.9326426495431639	-0.08134533886970374
0.9219276773959234	-0.08133843623599663
0.9112136322795044	-0.08133126052190826
0.9005005459628175	-0.08132387698349677
0.8897884507063254	-0.08131620571951435
0.8790773822428769	-0.08130829499430615
0.8683673767234737	-0.0813000604579552
0.8576584725926075	-0.08129157207741453
0.8469507087080811	-0.08128274208001601
0.8362441282994619	-0.08127360353127523
0.8255387742954112	-0.08126413643682041
0.8148346932660063	-0.0812542630975196
0.8041319336571529	-0.08124405131768504
0.7934305444135576	-0.0812334637381169
0.7827305811037186	-0.081222395249597
0.772032099726928	-0.0812109589840663
0.7613351576941745	-0.08119903865303559
0.750639819343752	-0.08118658666785024
0.7399461497011558	-0.08117368289766133
0.7292542177042438	-0.08116025185041957
0.7185640957635617	-0.08114623786676149
0.707875861137465	-0.0811315822278223
0.6971895948632776	-0.08111626923645494
0.6865053836281989	-0.08110034955153593
0.6758233182770038	-0.08108374370804802
0.6651434944329593	-0.08106637246979363
0.654466014551509	-0.08104813962687417
0.6437909880700159	-0.08102904652591617
0.6331185294585642	-0.08100906319906233
0.6224487604333246	-0.08098815274107642
0.611781810147976	-0.08096626329134315
0.601117816026545	-0.08094332572743664
0.5904569103148198	-0.08091930729112422
0.5797992658368701	-0.08089391447899665
0.5691450475409419	-0.08086724480554634
0.558494435658176	-0.08083916619118174
0.547847621998724	-0.08080956340335596
0.5372048097778095	-0.08077843431421314
0.5265662011893534	-0.08074559203644754
0.5159320462749014	-0.08071088301429954
0.5053025909496713	-0.08067419976616264
0.4946781058626581	-0.08063540376390932
0.4840588790446739	-0.08059432890144398
0.47344522202187894	-0.08055080541060401
0.46283747094009686	-0.08050462775967802
0.4522359882634655	-0.0804555917998589
0.4416411650215145	-0.08040347685285591
0.4310534242044833	-0.08034802559603071
0.42047322792474606	-0.0802889154001308
0.4099010695292513	-0.08022585913143974
0.39933748813309977	-0.08015857916613534
0.3887830725143681	-0.08008671746891166
0.3782384618683467	-0.08000975041596704
0.36770435070295876	-0.07992717234515671
0.3571814963753451	-0.0798386351249965
0.34667073359904893	-0.07974348836712788
0.33617297464490864	-0.07964108946740965
0.3256892193942758	-0.07953073647573625
0.31522056161798223	-0.07941173848114944
0.3047682098036844	-0.07928305663477125
0.2943334980461099	-0.07914375309647863
0.2839178959366654	-0.07899270859142717
0.2735230326921054	-0.07882866662270689
0.26315070612155206	-0.0786502462143108
0.2528029141409173	-0.07845591362261603
0.24248187414422812	-0.07824375768815485
0.23219006103407508	-0.07801180619861751
0.2219302306947129	-0.07775776483529605
0.21170546158516151	-0.07747902291674112
0.20151919768116244	-0.07717262033141452
0.19137529795105512	-0.0768352105595847
0.18127809217102903	-0.07646299365312721
0.17123244533127568	-0.07605163943360851
0.16124383245871263	-0.07559619497434189
0.15131841515819316	-0.07509113160866421
0.14146314662919016	-0.07453002233300049
0.13168587055351327	-0.07390570458504525
0.12199544009961905	-0.0732100170863642
0.11240185197100139	-0.07243374986512213
0.10291638797589214	-0.07156653983688195
0.09355177862314286	-0.0705967863290536
0.08432236891737598	-0.06951155969699796
0.07524429488231027	-0.06829659014284835
0.06633566259051031	-0.06693624252697299
0.057616721044180856	-0.06541363006423659
0.0491100171762016	-0.06371078614961691
0.04084051839402399	-0.06180899409102736
0.03283568594515836	-0.059689277501658144
0.02512545483086743	-0.057333097795906986
0.017742126089397025	-0.05472328263470064
0.01072010718505649	-0.05184523572208657
0.004095481508524504	-0.048688362959536886
-0.0020946215163297013	-0.04524766945050285
-0.007812880385046097	-0.04152552141134927
-0.0130228549919751	-0.037533175909224906
-0.01769025810882564	-0.03329225689307536
-0.021784379344415003	-0.02883553706490733
-0.025279572889689718	-0.024207088762842863
-0.028156703583967414	-0.01946147163903298
-0.030404426347176078	-0.01466203317456881
-0.032020173388494035	-0.009878205922590947
-0.03301075272275766	-0.005182306608817828
-0.0333924928395079	-0.000645978983120649
-0.03319092361199053	0.003663245258552582
-0.032440034055227676	0.007684891786443976
-0.031181195187134015	0.011367633494219697
-0.029461866290391305	0.014670463969637471
-0.027334201309665976	0.017563184289290282
-0.024853667599659277	0.0200254781641852
-0.02207777895607102	0.022046366094770394
-0.019064973721792305	0.02362258236484609
-0.015873680647437445	0.024757306416982247
-0.012561563457066988	0.02545878160676588
-0.00918492030476756	0.025739336699920415
-0.005798204385614978	0.025614565988883946
-0.002453622560959181	0.025102914098560716
0.0007992227706776283	0.024225483659245865
0.003913686834091738	0.023006096606150404
0.006846451707675028	0.021471480941262253
0.009557924799017415	0.019651511877191788
0.012012667758570173	0.017579429430148105
0.014179839385854693	0.015291710153446148
0.01603364115792123	0.012828472730426138
0.0175537265526429	0.010232316232507461
0.01872553724438849	0.0075483029735186075
0.019540545180539572	0.004822824798374543
0.01999636420504182	0.0021025395938276243
0.020096713955489343	-0.0005667006177913297
0.01985123114597639	-0.003141112268030382
0.01927513021238482	-0.0055799464746898245
0.018388739314855764	-0.007846446240497752
0.01721692797016456	-0.00990850665022578
0.0157884637051414	-0.011739098370646357
0.014135329001094283	-0.01331645459621864
0.012292027569056618	-0.014624045089500878
0.010294904463993459	-0.015650404052611422
0.008181496303970392	-0.016388853935293955
0.005989921229268719	-0.01683718816489941
0.0037583111902578254	-0.016997353134818628
0.00152428415055783	-0.01687516408132074
-0.0006755497577180983	-0.016480072485478413
-0.0028060545332505593	-0.015824979141181195
-0.0048340135016403	-0.014926126367722062
-0.006728551848219486	-0.013802745611233154
-0.008461554285180159	-0.012477495187815725
-0.010008045269584046	-0.010975443652745314
-0.011346548471495183	-0.00932446782241187
-0.012459401898304327	-0.0075546056163576505
-0.013333021214088699	-0.005697628364171632
-0.013958093544047069	-0.0037865141751994274
-0.014329693621338905	-0.0018547962061267445
-0.014447310565793577	0.00006415804152802107
-0.014314782771385277	0.0019378006305050765
-0.013940140792272251	0.003735133517703145
-0.013335368630261676	0.0054272356646506365
-0.012516076941234133	0.006988008616907153
-0.011501128035190683	0.008394301458982262
-0.01031220793506444	0.009626401484023755
-0.00897336607367895	0.01066815574784002
-0.007510539287237661	0.011507072258664718
-0.00595106926365372	0.012134303160950814
-0.00432322574435344	0.012544594987705729
-0.002655739128977388	0.012736188112016128
-0.000977348152170534	0.01271069692346312
0.0006836363329062599	0.012472980837451568
0.0022997499292257743	0.012031010011772335
0.003844775723459641	0.011395729095938086
0.005294125565711831	0.010580895673410869
0.006625200203164357	0.009602918659529891
0.00781772350975907	0.00848061889460363
0.00885404644194274	0.007235012679017543
0.00971940977187977	0.00588893945634632
0.010402172691994713	0.004466756318711685
0.010893972210713756	0.0029938636981517697
0.011189836444364653	0.0014962532948442628
0.011288228232857307	-1.8957274985909045e-16