1.3784048752090223	0.3162277660168381
1.387959842208456	-0.047438256185404745
1.3780456122738847	-0.0785724874482059
1.3664621920537083	-0.08124833048710248
1.3547348056476998	-0.08148029123752594
1.3429950671496425	-0.08149869987850086
1.3312545555468973	-0.08149799953059218
1.319514318520766	-0.08149551540994994
1.3077744614718352	-0.08149279188574998
1.296035003498846	-0.08148997269395143
1.2842959617290557	-0.0814870690105921
1.272557341304109	-0.0814840350133206
1.2608191547602807	-0.08148103529917257
1.2490814187170116	-0.08147792089450323
1.237344131528198	-0.08147468941796603
1.2256073157575784	-0.08147140503580451
1.2138709804935752	-0.08146800982360111
1.2021351429500948	-0.08146449413338466
1.1903998179415953	-0.0814608929571224
1.1786650202087985	-0.08145717469724344
1.166930765984632	-0.08145334809106933
1.1551970702765846	-0.08144941350383518
1.143463953305541	-0.0814453148145761
1.1317314342308462	-0.08144112414556956
1.1199995238855822	-0.08143685753260947
1.1082682384467841	-0.08143242307414358
1.096537607747839	-0.08142779696918548
1.0848076471402077	-0.08142311939041716
1.0730783730444884	-0.08141822721645037
1.0613498191118398	-0.08141316439881836
1.0496219988415276	-0.08140802361860869
1.0378949378515083	-0.0814026034380848
1.0261686698984336	-0.08139705259919591
1.0144432081375874	-0.08139137136649842
1.0027185883185947	-0.08138538321831586
0.9909948384210424	-0.08137929690354744
0.9792719854211236	-0.08137290477919067
0.9675500671214634	-0.08136635288752901
0.9558291084093385	-0.08135953093716596
0.9441091537041313	-0.0813524660575551
0.9323902289202866	-0.0813451788661504
0.9206723817996608	-0.08133754939694708
0.9089556445723098	-0.08132974242006709
0.8972400605343607	-0.08132153811121039
0.8855256782834916	-0.08131307290322945
0.873812535950362	-0.08130429539352797
0.8621006856592042	-0.08129514369016899
0.8503901797028741	-0.08128562843386397
0.8386810718462959	-0.08127573122507482
0.8269734182434281	-0.08126543254782308
0.8152672793001537	-0.08125469954642842
0.8035627186697476	-0.08124351405718432
0.791859803429176	-0.08123185898457778
0.7801586012715958	-0.08121972172561687
0.7684591877164721	-0.08120701613630578
0.7567616436315159	-0.08119377928855649
0.7450660456853676	-0.08117997177714491
0.7333724870489641	-0.08116547028234605
0.7216810614091473	-0.08115036452881465
0.7099918604943296	-0.08113454431877688
0.6983049969896116	-0.08111793737310698
0.6866205775514888	-0.08110058758650965
0.6749387231958208	-0.08108232258754672
0.6632595605264092	-0.08106321606249745
0.6515832211783719	-0.08104308960814677
0.6399098542335002	-0.08102197337575213
0.6282396046363761	-0.08099975184095577
0.6165726455505471	-0.08097632711565239
0.604909142260427	-0.08095172283677117
0.5932492879115165	-0.08092568549357068
0.5815932785445751	-0.08089828277482126
0.5699413350734432	-0.08086926741298335
0.5582936824316491	-0.08083863381047557
0.5466505768694079	-0.0808061794388467
0.5350122779678707	-0.08077180850606439
0.5233790826583631	-0.08073537309210739
0.511751291882001	-0.08069667130337616
0.5001292485658893	-0.08065559855906033
0.48851331424571454	-0.08061183019126877
0.47690388147414114	-0.08056524571042031
0.4653013809490674	-0.08051560166857166
0.4537062741651348	-0.08046253159852977
0.44211906377147747	-0.08040587158395765
0.4305403048775276	-0.08034523298793175
0.4189705893789437	-0.08028019877216812
0.4074105751085313	-0.08021043629789862
0.3958609803639816	-0.08013548295697304
0.38432259249973383	-0.08005481941398239
0.372796274511567	-0.07996782836728504
0.36128297434437684	-0.07987390297654974
0.3497837376465971	-0.07977241271935961
0.33829972009779463	-0.0796624902244588
0.3268321996969951	-0.0795432251594675
0.3153825925969549	-0.07941361162954295
0.30395247002345677	-0.07927250893893868
0.29254357920269247	-0.07911861601563297
0.2811578672357414	-0.0789504644127847
0.2697975066160024	-0.07876634758371673
0.25846493130444276	-0.07856437953474578
0.24716286939109033	-0.07834237177129554
0.2358943853260473	-0.07809778657296952
0.22466292899067244	-0.07782777175368548
0.21347238621668324	-0.07752914649401493
0.20232715532172435	-0.07719803111404504
0.19123221363318377	-0.07683018621611985
0.18019320431932961	-0.07642062563820881
0.1692165389324388	-0.07596363838928556
0.15830950872789068	-0.07545266900554524
0.14748042599984987	-0.07488014431767522
0.13673876711905567	-0.07423737787383095
0.12609535086209542	-0.07351443265185481
0.11556252881851797	-0.07269994221726328
0.10515440141002935	-0.07178092774379027
0.09488706825660248	-0.0707426634809389
0.08477887664779245	-0.0695685904220271
0.07485070050560409	-0.06824020706285618
0.06512621811538268	-0.06673707756299202
0.055632183976212383	-0.06503698234976814
0.04639866366243261	-0.06311622768253873
0.03745921317266642	-0.06095016706479719
0.028850955945641937	-0.05851409309551341
0.020614508508461547	-0.05578445448137083
0.012793701154416566	-0.052740515422982935
0.005435026660081401	-0.049366400121270755
-0.0014132320211061296	-0.04565355730598687
-0.007702247982584115	-0.0416034587744739
-0.013384274580840974	-0.0372300258235284
-0.01841461283052405	-0.03256194085115106
-0.02275383713987001	-0.027643863292149688
-0.026370117520168546	-0.022536460584559964
-0.02924143425303652	-0.01731486813364779
-0.031357450744672076	-0.012065492956931411
-0.03272082370514516	-0.006881481164578563
-0.03334779358729553	-0.0018573482731086216
-0.03326798287988402	0.0029165300729676676
-0.03252343939230875	0.007358785561270317
-0.031167058145660672	0.01140059367988418
-0.029260602267263226	0.01498787256742388
-0.026872529361006692	0.01808180588563258
-0.02407584992965987	0.020657755569465495
-0.02094617209255578	0.022703906731800443
-0.01756002042294602	0.024219017385663573
-0.01399347043890367	0.025210231994468264
-0.010321074477332798	0.02569125577124084
-0.006615027706816519	0.025680933012653173
-0.0029444977504295058	0.025202334078758926
0.0006249507858497911	0.02428239030605291
0.004031908888501678	0.02295189042736651
0.007219697547511574	0.021245773733675984
0.010136990930435361	0.01920348287038839
0.012738490420231558	0.016869276327981998
0.014985612300942095	0.014292173941441466
0.016847189685269128	0.011525849915901549
0.01830005279467125	0.008627694932596568
0.01932950701132293	0.005657663081045716
0.019929594919764267	0.0026768333807205176
0.02010312495744779	-0.00025447349764432306
0.019861437002928264	-0.0030784536200692074
0.019223910708575057	-0.005741530153043557
0.01821725345516128	-0.00819576801080974
0.016874604700299344	-0.010399935617198368
0.015234521751877651	-0.012320117950156724
0.013339906229528162	-0.013929925127726455
0.01123692363600751	-0.01521038713082805
0.008973956777099952	-0.01614962159466838
0.006600618634064969	-0.016742350366331964
0.004166836950717207	-0.0169894020631941
0.001722009046946236	-0.016897239792294887
-0.0006857818702035064	-0.01647758388674752
-0.0030105018275918757	-0.01574711758436056
-0.005208863253408228	-0.014727256094435605
-0.007240991671485482	-0.013443934944414392
-0.009071060534534802	-0.011927374714141297
-0.010667886381329804	-0.010211753502166384
-0.012005467327553648	-0.008334739971373729
-0.01306344373324414	-0.0063368669371407765
-0.013827454715314477	-0.004260735160257978
-0.014289368231015294	-0.0021500566357632775
-0.01444736491310391	-0.0000485872320543581
-0.014305865214563316	0.002000977850193772
-0.013875299224315072	0.003958073838665779
-0.013171729044249257	0.005785231731466951
-0.012216342691911271	0.007448883934682977
-0.011034845024929105	0.008919974874491586
-0.009656774174724748	0.010174386621096104
-0.008114771716636248	0.011193170746327969
-0.006443832117264333	0.01196261123420285
-0.00468055181101416	0.012474169421232093
-0.002862392253433101	0.0127243484631614
-0.001026965911370523	0.012714514938814514
0.0007886507464196729	0.01245070160858223
0.0025485735481583743	0.011943429649768394
0.004218735924040192	0.011207291770177945
0.005767484188592168	0.010261217971617881
0.007166133094999829	0.009127477586702197
0.008389473197769655	0.007831894112047379
0.009416223889172876	0.0064031585017405735
0.010229416066954093	0.004872331956040625
0.010816691340217873	0.003272258011460264
0.011170503176889356	0.0016367791037466685
0.011288209623583016	1.8388068845354155e-16