0.0779315812685397	-1.4120646826903835
0.019260889093171158	-0.6896451094696603
-0.014559159492401028	-0.4557342313740615
-0.03835457423352334	-0.33879306275781085
-0.056614852462157854	-0.26748459225105525
-0.07129253911533057	-0.21848529166886607
-0.08340572346028813	-0.18194805510409795
-0.09354847243235961	-0.15303021325793256
-0.10209609975899203	-0.12909940373411286
-0.10930107007655335	-0.10862532713333829
-0.11534279447090197	-0.09067596907955096
-0.12035552610995988	-0.07466648978765734
-0.12444486976040557	-0.06022151413759813
-0.12769790447890517	-0.04709628722579316
-0.13018950413458905	-0.0351273488590602
-0.13198628222694306	-0.024201988069135642
-0.1331490142490673	-0.014238018386548531
-0.1337340665293005	-0.005170791896976442
-0.13379419580657848	0.003055140202532507
-0.13337892822211933	0.010490932754343285
-0.13253474983274002	0.017186234413128623
-0.13130513705920704	0.023190468896394402
-0.12973056292847973	0.028553097983854542
-0.12784850099499012	0.033323350837533655
-0.12569345475469668	0.037549692814665206
-0.12329702356066774	0.04127918346134813
-0.12068800512323415	0.04455692081774406
-0.11789253088537915	0.047425528180898444
-0.1149342271038444	0.04992483278644059
-0.11183439283995503	0.05209162254787654
-0.10861218765845625	0.05395952405516654
-0.1052848226306858	0.05555905183930572
-0.1018677493428784	0.056917675025212354
-0.09837484183119148	0.058059924518320136
-0.0948185687836984	0.059007564158373466
-0.09121015448643571	0.05977979927190214
-0.08755972783916045	0.06039352078835723
-0.08387645870463545	0.06086348699083767
-0.08016868110742228	0.061202512165921624
-0.07644400420841696	0.06142166378893685
-0.07270941221583858	0.06153046110654445
-0.06897135279460988	0.06153706690157996
-0.06523581723741581	0.06144841057833609
-0.061508409932979416	0.061270332634312835
-0.057794409881921	0.061007694450065306
-0.05409882500704281	0.06066456470667034
-0.050426442952265275	0.060244192313841906
-0.04678186890561464	0.059749307615122364
-0.04316956386412904	0.05918199812606629
-0.03959387511019079	0.058543875562438716
-0.03605906449441235	0.05783616078854942
-0.032569330456259656	0.05705973829816573
-0.029128826816349887	0.05621521175487413
-0.025741677878434815	0.0553029621219341
-0.022411990061652995	0.05432320477561775
-0.019143860207634734	0.05327604436077981
-0.015941380666978904	0.052161528500729075
-0.012808641246129958	0.05097969865899255
-0.009749728131932069	0.0497306438236594
-0.006768719606127039	0.04841454710811521
-0.003869679772245978	0.04703172611175669
-0.001056646521433577	0.04558269489614881
0.0016663796045977963	0.044068190698054156
0.004295451371329899	0.04248923300336332
0.006826693144654857	0.04084716993670228
0.009256321906444468	0.03914370955523511
0.011580669284200915	0.03738092881052839
0.013796206323112846	0.035561340613744774
0.015899569569156183	0.033687887329323776
0.017887588726948987	0.0317639758030769
0.01975731380627342	0.029793482713855988
0.021506044180760304	0.02778071922480866
0.023131356436699835	0.025730480787252735
0.024631129731458257	0.023647986024695953
0.026003573916929524	0.021538856951919517
0.027247251358892284	0.019409081804404614
0.02836109836647198	0.017264973725838392
0.02934444317350195	0.015113118154775427
0.030197020724258356	0.012960304645244346
0.030918981833251577	0.010813466751697025
0.03151090441132099	0.008679661284492756
0.031973789656221184	0.006565777251958792
0.03230906317235178	0.004478911040229835
0.032518569664522996	0.0024257538298071315
0.03260456262693181	0.000413012491081945
0.03256968810814208	-0.0015530200577648723
0.03241697053247441	-0.003466273954003272
0.03214978889338258	-0.005321081128432123
0.03177185606006543	-0.0071121639266018616
0.03128719183624582	-0.00883468081672874
0.030700097251458166	-0.010484215308601162
0.030015126350367773	-0.012056859627955156
0.029237057466372347	-0.013549142480664925
0.02837086497944857	-0.014958061959584733
0.027421691348831545	-0.016281089989593517
0.02639482013294968	-0.017516123227547288
0.025295648923200305	-0.018661476024512045
0.0241296656711607	-0.019715898923875576
0.02290242146896835	-0.02067848886467482
0.02161951543007984	-0.02154864453124386
0.020286569024166555	-0.022326156399584497
0.01890920953367651	-0.023011071556404906
0.01749305306289245	-0.023603702321245597
0.016043689420771317	-0.024104597244756255
0.01456666851052961	-0.02451452530229866
0.013067487542861592	-0.02483444205216419
0.011551580306508068	-0.0250654792824911
0.010024306874028183	-0.02520892785707873
0.00849094430915831	-0.025266228441987646
0.006956678046452009	-0.025238958118920202
0.005426593724311311	-0.025128823793541734
0.003905669427036663	-0.0249376594915369
0.0023987681136860626	-0.024667422981846616
0.0009106300405260603	-0.024320194949771452
-0.0005541347179787786	-0.02389818274982069
-0.001991054048653867	-0.023403722328308927
-0.003395801684451233	-0.022839280119166493
-0.004764205502655281	-0.02220746597182103
-0.006092255617940571	-0.02151101442319475
-0.007376113507952709	-0.020752836269415778
-0.00861212135997247	-0.019935958618180254
-0.009796809930337304	-0.019063586020987528
-0.010926909586998032	-0.01813906074477241
-0.011999357798358529	-0.01716588646119408
-0.01301131025184864	-0.016147717792102
-0.013960148117945083	-0.01508834790536383
-0.014843488254397661	-0.013991722289815428
-0.01565919020723599	-0.012861901161608366
-0.016405364677025924	-0.011703079446635348
-0.017080379701492964	-0.010519541417411793
-0.017682866679662363	-0.009315667251504088
-0.018211725197073033	-0.00809590601745503
-0.018666126506039684	-0.00686474923600284
-0.019045515959931057	-0.005626729124693033
-0.01934961383442253	-0.0043863564728311944
-0.01957841452370582	-0.003148154401797978
-0.019732185600236363	-0.0019165709671899061
-0.019811462699654184	-0.0006960072096044657
-0.01981704685735519	0.0005092339217826429
-0.019749995783591108	0.0016949755883454499
-0.019611618643179465	0.0028571471269053955
-0.019403465194522695	0.003991877789020037
-0.019127317167354038	0.005095416357229351
-0.01878517665472881	0.006164256546618805
-0.01837925403001256	0.007195043806203907
-0.01791195612477152	0.00818467729928596
-0.017385871739916497	0.009130251632452829
-0.01680375933462742	0.01002910418260442
-0.016168531618502888	0.010878801815620367
-0.015483242595476808	0.01167714165303368
-0.014751072067995336	0.012422169558143127
-0.01397531241655256	0.013112143964437014
-0.01315935378216318	0.013745579656830214
-0.012306670242833405	0.014321200735310787
-0.011420806732809667	0.014837944453626111
-0.010505365634457486	0.0152949909639987
-0.009563992920364882	0.015691713218661942
-0.008600366540522191	0.016027688794979324
-0.00761818404220535	0.016302693023283955
-0.006621150824145253	0.01651669132454655
-0.005612968771418285	0.016669832925045903
-0.004597325333831731	0.01676244407263177
-0.003577882698254878	0.016795027550140885
-0.002558267656910172	0.01676824446636422
-0.0015420615849182449	0.016682932651460917
-0.000532790436358125	0.016540074501545793
0.00046608467742701234	0.016340822924769464
0.0014511768181244193	0.016086469188893594
0.0024191824680235095	0.015778466158662862
0.0033668904531586937	0.015418390698082613
0.004291190315464919	0.01500802707670792
0.005189084330658488	0.014549228636810092
0.006057689868490977	0.014043985080105648
0.006894252800479225	0.013494512866510888
0.007696151780928354	0.012903030351772107
0.008460910688884838	0.012271961176329413
0.009186201710236307	0.011603900628252416
0.009869854879220704	0.010901423711502142
0.010509865553620148	0.010167307257754818
0.011104397916367963	0.009404442956915868
0.011651793623020275	0.008615736709940898
0.012150575972143	0.00780423881654012
0.01259945395990808	0.0069730526011923975
0.012997327109671076	0.0061253206197011524
0.013343288332451436	0.0052642676708816935
0.01363662578855443	0.0043931186089589055
0.013876825779334226	0.0035151313967539174
0.014063572451423948	0.0026335970504853395
0.014196747424902385	0.0017517062618481213
0.014276428967311178	0.0008727436585964231
0.014302891929424983	-1.1402222687597187e-7
0.014276602322781799	-0.0008637338224273845
0.01419821489597681	-0.0017150450631708142
0.014068568485475101	-0.0025510583404044613
0.013888680765504362	-0.003368876945339417
0.013659742119768876	-0.004165711106092863
0.013383109204895001	-0.0049388823488779095
0.013060297431314477	-0.005685839757453598
0.01269297347653494	-0.006404160811389108
0.01228294541956815	-0.007091588219935623
0.011832159566199235	-0.007745966692414833