-0.18163503580482088	1.4025008783484432
-0.12861852133265794	0.7331600308816362
-0.09668851249946733	0.4974624879445417
-0.0737095969284199	0.37734656527467764
-0.05570607259954721	0.304546664056807
-0.040877672100127924	0.2556198524047209
-0.028258972539345006	0.22035109492393476
-0.01727457886318932	0.19358035236688337
-0.00755585646434588	0.1724227586973204
0.0011460528706039943	0.15514128075170713
0.00900588911776813	0.14062897895523116
0.016150151441188625	0.1281487414392217
0.02267265352905606	0.11719223251013035
0.028644365264177435	0.10739896353988863
0.03411987429863591	0.09850746268380439
0.039141798520423016	0.09032540340209402
0.043743883850177634	0.08270896462450489
0.04795322983199138	0.07555039681527086
0.051791942980240285	0.06876863564929138
0.05527837840342258	0.06230273371294932
0.05842807897344901	0.05610745160935925
0.06125451825054288	0.050149675364408196
0.06376967062585023	0.044405784697584764
0.06598445911356075	0.03885963270949171
0.06790910954970557	0.03350076709758092
0.06955341217769871	0.028323283933899605
0.07092693473279892	0.02332447884499479
0.07203917032025835	0.018504047444113943
0.07289964248330832	0.01386330565182299
0.07351797253647961	0.009404569674288142
0.07390391718501789	0.005130512590634591
0.07406737518678723	0.0010438211614212278
0.07401838435855711	-0.002853137677693108
0.07376709319672835	-0.00655854089646662
0.07332372738009055	-0.010071350964863137
0.07269854696627505	-0.013391319412772997
0.07190179955427232	-0.01651912945650671
0.07094367472810106	-0.019456358794137093
0.06983425621661	-0.022205349826559494
0.06858347852467224	-0.024769298952907075
0.06720108959446312	-0.02715211162074603
0.0656966149366222	-0.029358188942203604
0.06407932872231817	-0.03139248662180736
0.062358232440450904	-0.033260366120613574
0.06054203640734934	-0.03496738337907348
0.05863914731972184	-0.03651931448273421
0.056657662493236796	-0.037922047476561124
0.054605366845629756	-0.03918142948657242
0.05248973392649986	-0.0403032649691227
0.05031793156220604	-0.041293251420073715
0.04809682943076614	-0.04215689727290105
0.045833008849564816	-0.04289950861095725
0.043532774981401234	-0.04352616045663445
0.041202169881837655	-0.04404166336455919
0.03884698668511327	-0.044450558866773876
0.036472784175689714	-0.04475711116822785
0.034084901602251846	-0.044965307012478216
0.0316884734645288	-0.04507885635605706
0.02928844374762798	-0.045101210169337755
0.026889579819716392	-0.0450355566994287
0.02449648564897927	-0.044884852749850046
0.022113613744996014	-0.04465183397413744
0.019745276530127694	-0.04433903423343239
0.01739565650280554	-0.043948806713524226
0.015068815034502287	-0.04348335152169727
0.012768700377580523	-0.042944727714494424
0.010499153767695477	-0.04233489695757477
0.00826391500633418	-0.041655719268795265
0.006066625880471053	-0.04090901683548963
0.003910833099263318	-0.04009654927816212
0.001799989146732471	-0.039220098862110975
-0.0002625475416979561	-0.038281422834268504
-0.002273514017287771	-0.03728235776827931
-0.004229745455820107	-0.03622475351781768
-0.00612817859981976	-0.03511058937463368
-0.007965857108766308	-0.03394189367863446
-0.009739936494530504	-0.032720863128341306
-0.011447692049215571	-0.03144978155926977
-0.013086524803970954	-0.03013111914810097
-0.01465397133202656	-0.02876747151960563
-0.016147710659163757	-0.02736163307490409
-0.01756557549366531	-0.025916542089678023
-0.01890555869405576	-0.024435329729588832
-0.020165825692874895	-0.02292129285748099
-0.021344720078276185	-0.021377893618620764
-0.02244077666356542	-0.01980879012156219
-0.023452726437754614	-0.018217729558550937
-0.024379503509505115	-0.016608610523412354
-0.025220255322055896	-0.01498550618914281
-0.025974346734407003	-0.013352541548093119
-0.02664136465932499	-0.011713927688156744
-0.027221121833508395	-0.010073930428498542
-0.02771365901817245	-0.008436846917544115
-0.028119245818076368	-0.006806979261944737
-0.028438380120887452	-0.0051886046557561545
-0.028671786129503177	-0.0035859448330495575
-0.028820411053038886	-0.002003149255961773
-0.02888542025726113	-0.0004442644216476183
-0.028868191220454587	0.0010867876057513786
-0.028770306279053155	0.002586232714275743
-0.028593544208263728	0.00405046459854978
-0.028339870924737977	0.005476061254293203
-0.028011429243235228	0.0068597998144245
-0.02761052789826139	0.008198668181126691
-0.02713963010149019	0.009489874788936323
-0.026601341751697923	0.010730849256430053
-0.025998399085381388	0.011919262351522566
-0.025333656747830315	0.01305300105940261
-0.024610075031020986	0.014130196482194617
-0.02383070861102701	0.015149172240962405
-0.022998693082849388	0.016108579630820432
-0.022117233014953844	0.017007140440740073
-0.021189595505180642	0.017843841740455606
-0.020219093415180977	0.018617874045079596
-0.019209078796153738	0.019328654698584097
-0.018162932002860694	0.019975718931745493
-0.01708405218353076	0.02055876575737812
-0.015975849069322198	0.021077679756617555
-0.014841735668512771	0.021532509002359555
-0.01368511934042644	0.021923402564837147
-0.012509395627921522	0.022250632496901266
-0.011317942102233912	0.022514623460454145
-0.010114111036562632	0.02271588115766495
-0.00890122489603149	0.022855036118019256
-0.007682569840105551	0.02293280739439186
-0.006461391383987935	0.022950012765967996
-0.0052408889429066165	0.022907560309910015
-0.004024211360289328	0.022806444157003804
-0.0028144522982119346	0.02264774524685687
-0.001614645510964005	0.02243262916717794
-0.00042776078800567743	0.02216234073965259
0.0007433009226245198	0.021838214705779773
0.0018957114147099359	0.021461657713098343
0.0030267202167408485	0.021034179110039897
0.004133658772766431	0.020557347182738623
0.0052139446719388395	0.020032840814539696
0.0062650872452325234	0.019462413266057254
0.0072846907388136595	0.018847895047124925
0.008270460185307143	0.01819123183033077
0.00922020549555553	0.01749441951021285
0.010131845779683258	0.016759579168215275
0.01100341536796691	0.015988895435128374
0.01183306597140133	0.015184623687429075
0.012619073540373924	0.01434915390848474
0.0133598409971329	0.013484868229185681
0.014053901738413123	0.012594317315494269
0.014699926757855053	0.01168006975934882
0.01529672395273509	0.010744741828095237
0.01584324217138151	0.009791000171670781
0.01633857536999908	0.008821635449087283
0.016781964918301723	0.00783937080769737
0.017172799329087052	0.006847055758930002
0.017510618529600192	0.005847474033158994
0.017795111143775102	0.004843489782686233
0.018026118444692044	0.0038379080997297975
0.018203629995579156	0.0028335626606736017
0.018327786696362612	0.001833237412927841
0.01839887524697711	0.0008396919245030533
0.018417329783910454	-0.00014435678317091419
0.01838372566264354	-0.0011162630636424903
0.018298779322154932	-0.002073423025254348
0.018163341807156477	-0.0030133397627394374
0.017978396726702105	-0.003933566046056303
0.017745053754201472	-0.004831783775412867
0.01746454480446536	-0.005705739918472076
0.017138217713109995	-0.0065533173688253335
0.01676753091171681	-0.007372487612887035
0.01635404693225877	-0.00816136052432132
0.015899426518768578	-0.00891814155981327
0.01540542168479413	-0.009641191470360652
0.01487387038457867	-0.010328921622637382
0.01430668711824005	-0.010980053915263138
0.013705855937168339	-0.011593229967349645
0.013073429784975155	-0.012167218014423928
0.012411519752633026	-0.012701111196226278
0.011722285093016458	-0.01319396755198513
0.011007930856691038	-0.013645006968258593
0.010270700233758208	-0.014053573908939535
0.009512868193949345	-0.014419134012505228
0.008736735441211103	-0.014741271768093703
0.007944621574435979	-0.01501967830108338
0.007138859751835813	-0.015254147281931744
0.006321790867853868	-0.015444603331840646
0.005495757364067036	-0.015591053255370493
0.004663098394790564	-0.015693625219248813
0.0038261435643672835	-0.01575253792447957
0.0029872083933988416	-0.01576811017157095
0.002148588683484149	-0.015740760839636533
0.001312555517844391	-0.0156709890701482
0.00048135176693184315	-0.015559399218166615
-0.00034281780596436034	-0.015406741114380843
-0.0011577859496923859	-0.015213736092128467
-0.001961426637425973	-0.01498121300799638
-0.002751664943382964	-0.01471021119666967
-0.003526478153059948	-0.014401733246697301
-0.004283901712933101	-0.014056879496917788
-0.005022032637173822	-0.013676887925091488
-0.0057390339370473175	-0.013263057118853208
-0.006433138408739693	-0.012816636921822942
-0.007102652630061356	-0.012339184658798776
-0.007745966692414833	-0.011832159566199233