-0.10588209993732581	1.4102442983102614
-0.04813520404115176	0.69695762620128
-0.014574918534420337	0.46321573606211885
0.009171748965344305	0.3463832218793506
0.02751552693208266	0.2755395058677229
0.04238817929353487	0.2273014105103004
0.054801598851245	0.1917340792533706
0.06534753862324907	0.1639173204590394
0.07439927940607916	0.14115232576453535
0.08220607569122905	0.12184929017309445
0.08894232725327356	0.10502368647701624
0.09473527584382521	0.0900446922643355
0.09968159319893236	0.07649831860403589
0.10385776604738897	0.06410987295229753
0.10732682653223163	0.052695235154583735
0.11014277361218756	0.04213076993752312
0.11235352041563124	0.03233259774101084
0.11400282414152507	0.023243024776756542
0.11513152274187717	0.014820141093513952
0.11577828318135593	0.007031943598690992
0.11598002777716153	-0.00014876102288320512
0.1157721319359571	-0.006747225888854359
0.11518848040290529	-0.012788564696287688
0.11426144562437915	-0.018298635437545445
0.11302182576934294	-0.02330452225540449
0.11149877500712287	-0.02783436051310425
0.10971974832271625	-0.03191715145979225
0.10771046277539519	-0.03558222166059371
0.10549488822889026	-0.038858886776130724
0.10309526636174532	-0.041775948210104226
0.10053215172920107	-0.04436124686672757
0.09782447584540079	-0.046641437777241626
0.09498962853840404	-0.048641722331060344
0.0920435499802224	-0.05038562612305106
0.08900083091816534	-0.05189493555934793
0.08587481944061723	-0.05318971179023866
0.0826777231098097	-0.054288200112356744
0.07942071635173831	-0.05520694003591625
0.07611404046107983	-0.0559607866241055
0.0727671000359441	-0.056563021092873825
0.06938855314088917	-0.057025460052831094
0.065986396147116	-0.05735860006372723
0.06256804385121705	-0.05757149001970382
0.059140399672385484	-0.05767230498151438
0.055709919788314924	-0.05766798303189956
0.05228267197148885	-0.057564549396631824
0.04886439213099994	-0.057367197384789285
0.04546053055763712	-0.0570803617190583
0.042076294237932244	-0.05670780794408233
0.038716686228242196	-0.056252649491849195
0.03538653570431112	-0.05571762678088262
0.032090529348346275	-0.05510486602060812
0.028833234609393688	-0.05441614235569255
0.025619121366791443	-0.05365298288009308
0.022452579710107858	-0.05281662931463521
0.019337932863884	-0.05190808420909986
0.016279447270767466	-0.05092822047013892
0.013281340838802946	-0.049877830548219315
0.010347786055417689	-0.04875765539865976
0.0074829113661644235	-0.04756844297813422
0.004690799221150397	-0.046311001183243106
0.0019754813868066443	-0.0449862318171988
-0.0006590686442234184	-0.04359520522419676
-0.003208946073156582	-0.042139159548598176
-0.005670327226951895	-0.04061959595068233
-0.008039484525707455	-0.03903825674448907
-0.010312804019414803	-0.03739720749858969
-0.012486803738730866	-0.03569885594629383
-0.014558155552459248	-0.03394593527903539
-0.016523705837272803	-0.03214160734235638
-0.018380498621916982	-0.0302893634801345
-0.020125800747560756	-0.02839316925513321
-0.021757122832228633	-0.02645728887048828
-0.023272242725519917	-0.02448644301089012
-0.024669229324899553	-0.022485681052115795
-0.02594646257464278	-0.020460400146766023
-0.027102652651668713	-0.018416311264835845
-0.028136856757699686	-0.016359381994588775
-0.029048493826481003	-0.014295786820842146
-0.02983735577794855	-0.01223186744755549
-0.030503615205707508	-0.010174096469963796
-0.03104783123317853	-0.008128982330700288
-0.03147094898542907	-0.006102982598427544
-0.03177429792395827	-0.004102563922772608
-0.03195958602740664	-0.002133964982050356
-0.03202888962437705	-0.00020333908328619052
-0.03198464163209141	0.0016834986708526881
-0.031829615063355195	0.003520920119325459
-0.03156690563221499	0.005303722229115184
-0.031199910662980584	0.007026955856315085
-0.030732307864595215	0.008686160610816753
-0.030168031118369715	0.010277169146783931
-0.029511246617430265	0.011796356827098942
-0.02876632650985161	0.013240403228767612
-0.027937827303630165	0.01460643777119659
-0.027030462588197354	0.015892052839681686
-0.026049079179391754	0.0170951720937646
-0.024998633896845188	0.018214147238470774
-0.02388417230968206	0.019247681143345914
-0.022710806428572546	0.02019479382323556
-0.021483696030921165	0.021054870151827363
-0.020208030238674513	0.021827538897970695
-0.018889010303287927	0.02251276281920051
-0.01753183295339036	0.023110699799931897
-0.016141681137012972	0.023621701668078598
-0.01472370609620263	0.024046421637046213
-0.01328301771348612	0.024385629524140244
-0.011824674229009536	0.024640283482012713
-0.010353672471132037	0.02481148977004374
-0.008874938946666485	0.02490050092764704
-0.007393321740861553	0.02490870113318273
-0.005913582843666586	0.024837600766958196
-0.0044403908375292836	0.024688829916416303
-0.002978313767649747	0.024464137440748757
-0.0015318122560683232	0.024165390016066764
-0.00010523244001763681	0.023794566590055292
0.0012972008789042576	0.023353775277448904
0.0026713917985467643	0.02284523304112441
0.004013379919227445	0.022271292817166832
0.0053193487662679464	0.02163442640752039
0.00658563249680928	0.0209372498796651
0.007808725565342298	0.0201825071687805
0.008985288486458095	0.019373077400005476
0.010112158951038131	0.018511995285894662
0.01118635689349771	0.01760240527368324
0.012205096833749082	0.01664765174935126
0.013165792778588911	0.01565113772860505
0.014066066429227881	0.014616432634927996
0.014903756791083772	0.01354725965678089
0.015676925064164973	0.01244739645757407
0.016383863584689438	0.011320786362291838
0.01702309872673682	0.01017142032570521
0.017593399319958503	0.009003379507030604
0.01809377694798632	0.007820824188554261
0.018523492563513703	0.006627901805702583
0.018882055232063617	0.0054288644102852834
0.01916922505343967	0.004227861913797443
0.019385011328700016	0.0030291313973842583
0.019529671070384783	0.0018367726148846633
0.019603706090285555	0.0006548945050760988
0.019607858657844084	-0.0005125162130516597
0.019543105559377542	-0.001661566839059839
0.019410651583624407	-0.0027884849086761095
0.019211921612011545	-0.00388964828196465
0.018948552010800614	-0.004961564129445003
0.01862238110833708	-0.006000944067550396
0.018235437413877436	-0.007004669099121123
0.017789930467225705	-0.007969790232734978
0.017288237741732847	-0.008893597784546344
0.0167328929667766	-0.009773550532411305
0.016126574024136402	-0.010607347533134566
0.015472089587574765	-0.011392883695203299
0.01477236727537237	-0.012128272984237116
0.014030440297593011	-0.012811843605083731
0.01324943528962769	-0.013442129942008375
0.012432559522297042	-0.014017882218556196
0.01158308894437399	-0.014538040804491737
0.010704356193757604	-0.01500176125465772
0.009799738546524196	-0.015408381256610117
0.008872647117440775	-0.015757423321221275
0.007926516302477576	-0.0160485923605692
0.006964791754192907	-0.016281787588362632
0.005990921219452646	-0.016457054027601
0.005008343878876931	-0.016574619242847526
0.004020481302057385	-0.016634861786844164
0.003030727354630835	-0.016638319639889546
0.0020424397168818513	-0.016585684107727126
0.0010589303813754816	-0.016477788292002426
0.00008345745327673141	-0.01631561994891394
-0.0008807837381913316	-0.01610029481645543
-0.0018306687167865881	-0.015833083722572146
-0.0027631521859698034	-0.01551537647626703
-0.0036752759563180417	-0.015148711661492975
-0.00456417699603183	-0.014734746828435326
-0.005427094332163729	-0.014275276438847292
-0.006261379471023804	-0.013772250195881465
-0.007064500583780841	-0.01322765248738622
-0.00783404822991673	-0.01264366301068544
-0.008567747928899435	-0.012022569534931958
-0.009263462885311857	-0.011366749067213765
-0.009919201169207309	-0.010678689997432387
-0.010533121633415375	-0.009960980582795447
-0.011103540438200653	-0.009216290363627836
-0.011628933701838352	-0.008447384729239725
-0.012107945031288904	-0.007657076445252825
-0.01253938817469323	-0.0068482781095431
-0.012922250328499717	-0.006023937486488792
-0.013255695598650453	-0.005187031872182505
-0.013539066658921043	-0.004340589769930532
-0.013771886373226412	-0.003487641983657079
-0.013953858256513345	-0.002631227278439556
-0.014084866444346967	-0.0017743786341791272
-0.014164974759787067	-0.0009201084988496539
-0.014194425050978088	-0.00007139194223411481
-0.014173634764158005	0.0007688464507605252
-0.014103194110671359	0.0015977392158337846
-0.013983861379343501	0.00241248815360219
-0.013816558952620387	0.0032103793703009416
-0.013602368291849565	0.00398878642176807
-0.013342522223967777	0.004745215573275656
-0.0130384048104053	0.005477225575051661