-0.2964834855693926	1.382786152196067
-0.2652216264459908	1.2850325347255074
-0.23609223157898088	1.2004841041906844
-0.20881696948837652	1.126581303188396
-0.18316997183755818	1.061375709425252
-0.15896563538419026	1.0033594338669964
-0.13604975997202348	0.9513470799783011
-0.11429299459861293	0.9043937124296735
-0.09358591492594903	0.861737496565073
-0.07383524605374894	0.8227572339011275
-0.05496094436225976	0.7869417931492676
-0.03689390058390508	0.7538663222910664
-0.019574129585928864	0.7231756322070781
-0.0029493040787409407	0.6945700046835839
0.013026423542944995	0.6677949947723731
0.028393387796621605	0.6426338207861513
0.0431872027728377	0.618899787999671
0.057439415523478164	0.5964324170417719
0.0711780639989922	0.57509211027517
0.08442813663629935	0.5547578024580542
0.09721195966691457	0.5353236072426395
0.10954953827799901	0.5166968565049327
0.12145883653319416	0.4987959200119981
0.1329560172210773	0.4815489179852105
0.14405566605668998	0.4648925881373988
0.15477096417311872	0.448770782637833
0.16511385847082422	0.433133806455837
0.1750951927743181	0.4179376003757923
0.1847248406970089	0.40314312714667133
0.1940118104558806	0.3887156804753675
0.2029643422681667	0.3746242914873765
0.21158999144645568	0.3608417066527826
0.21989571443515932	0.3473437316191191
0.2278879270775104	0.3341087350018526
0.23557257405930895	0.3211179259739626
0.24295518291598553	0.3083545698405101
0.2500409130601544	0.2958039898878865
0.25683460100396405	0.28345321462478196
0.2633407979204318	0.2712910248274738
0.26956381504780846	0.25930800885248323
0.27550775225020724	0.24749554792352788
0.2811765241970434	0.2358465893472892
0.28657389658571997	0.22435528488055131
0.2917035064125648	0.21301659807180084
0.2965688843197988	0.20182646407881755
0.30117347672567163	0.19078172879874028
0.30552066115480314	0.17987965261856373
0.30961376041680394	0.16911839110776525
0.31345606552473765	0.1584969911097315
0.31705084670072514	0.14801454109005707
0.3204013566058972	0.13767058769306784
0.32351084618223547	0.12746543067422123
0.3263825785485395	0.1173996463969905
0.32901982845043437	0.1074737486888153
0.3314258880923311	0.09768874586613198
0.3336040791623276	0.08804607935470406
0.335557755610505	0.07854698904703233
0.33729030071691923	0.0691928395699606
0.3388051340579421	0.05998535558314557
0.3401057170772696	0.05092626053076932
0.3411955479500769	0.04201704082440006
0.34207816161504706	0.033259368849734364
0.3427571344147511	0.02465505444184253
0.34323608202284983	0.016205597839693876
0.34351865378918706	0.007912441620797947
0.34360853409439873	-0.00022287455554962157
0.34350944263819555	-0.008198957815796193
0.3432251279541662	-0.016014687921392975
0.342759364610651	-0.023668952857905868
0.3421159530879732	-0.03116068493153231
0.3412987157036224	-0.03848910796655412
0.34031149099344765	-0.04565357868271011
0.33915813188632105	-0.052653516364651896
0.3378425031985861	-0.05948852455956736
0.33636847615043636	-0.06615842496556769
0.3347399248633654	-0.07266314582192139
0.33296072379215014	-0.0790027425281239
0.3310347437058655	-0.08517747368113243
0.3289658476140123	-0.0911877338322143
0.32675788777491294	-0.0970340465950898
0.3244147024225218	-0.10271708840157857
0.3219401122930456	-0.10823766741301888
0.3193379177021851	-0.11359671918873113
0.316611895445025	-0.11879531363025053
0.31376579590361353	-0.12383462283268566
0.31080334090357803	-0.12871591820636785
0.30772822094082136	-0.13344059965871194
0.304544092426319	-0.13801015970492841
0.3012545762211654	-0.14242614300895837
0.29786325581852097	-0.14669019483408843
0.29437367491175376	-0.15080405708234576
0.2907893359093897	-0.1547694981128338
0.2871136992498789	-0.15858833959453092
0.2833501816670756	-0.16226248673109467
0.279502154451838	-0.1657938895763101
0.27557294363328433	-0.16918446639046017
0.2715658294673311	-0.17243621328125208
0.2674840444965654	-0.17555118041068862
0.2633307736591912	-0.1785313910168253
0.2591091538415953	-0.18137890581011024
0.2548222739380971	-0.18409575742882456
0.25047317479803644	-0.18668401734649237
0.24606484914570156	-0.1891457003272447
0.24160024260499233	-0.19148282424874943
0.23708225305934078	-0.19369744155099178
0.23251372997510844	-0.1957916137152674
0.22789747558669834	-0.19776729927588135
0.22323624667234884	-0.19962643242443953
0.2185327545130273	-0.2013709578505493
0.21378966465596885	-0.20300282834979005
0.20900959732508223	-0.2045239352581363
0.2041951294704033	-0.2059360935098546
0.1993487956089049	-0.20724110807667953
0.19447308800569021	-0.20844077635065172
0.18957045695522937	-0.20953686974392655
0.18464331222243885	-0.21053107129725332
0.1796940246067326	-0.21142502895004933
0.1747249264732478	-0.2122203715424117
0.16973831220823218	-0.21291870689499487
0.16473643908062388	-0.21352158158803639
0.1597215288931699	-0.21403048277086575
0.15469576888123568	-0.2144468709868367
0.14966131232697238	-0.2147721805190357
0.14462027923629833	-0.21500780916418288
0.1395747575766575	-0.21515509173204306
0.13452680444857823	-0.21521532884385297
0.12947844677012535	-0.21518979318818815
0.12443168193707843	-0.215079728127395
0.11938847869503696	-0.21488632975433275
0.11435077822524777	-0.21461075653950437
0.10932049486123939	-0.21425413863094975
0.10429951676684221	-0.21381757709008048
0.09928970663640901	-0.2133021412176255
0.09429290249156354	-0.21270886667466748
0.08931091836073511	-0.2120387639104634
0.08434554486110496	-0.21129281849963621
0.07939854978459567	-0.21047199053013957
0.074471678716555	-0.2095772146161324
0.06956665550560341	-0.20860940956690557
0.06468518268348734	-0.2075694734134554
0.05982894197068041	-0.20645828247881057
0.05499959476379151	-0.20527669503030901
0.05019878240756922	-0.20402556290056909
0.04542812640335671	-0.20270572483141056
0.04068922875986064	-0.20131800400553593
0.03598367234511993	-0.199863211059172
0.031313020965213656	-0.19834216206054006
0.02667881932407236	-0.19675566666123614
0.022082593281878938	-0.19510452182120538
0.017525850093875	-0.19338952086311792
0.01301007821749736	-0.19161147252981545
0.008536747126409039	-0.18977118452399866
0.004107307402919294	-0.1878694597268239
-0.0002768091447942333	-0.18590709928258223
-0.004614189898694415	-0.1838849410099744
-0.008903442013342635	-0.18180382544092175
-0.013143192210375649	-0.1796645804340042
-0.017332086671356668	-0.1774680475769504
-0.02146879189853614	-0.1752151126738885
-0.02555199527353518	-0.17290666718061334
-0.02958040510747408	-0.1705436040531958
-0.03355275076656835	-0.16812683233868375
-0.037467783536208665	-0.16565731012725643
-0.04132427737857109	-0.1631360079272384
-0.04512102906514389	-0.160563900155384
-0.048856858447614664	-0.15794198852583413
-0.05253060946851765	-0.15527132017344802
-0.05614115084930625	-0.15255295902839047
-0.05968737644398739	-0.14978798445157815
-0.0631682057909341	-0.14697751212414134
-0.06658258500549541	-0.14412268703137018
-0.06992948735444275	-0.14122468170857377
-0.0732079140220382	-0.13828470407151092
-0.07641689479987597	-0.13530398147870193
-0.07955548857253998	-0.13228377276238576
-0.08262278431684272	-0.12922538552298218
-0.08561790198647348	-0.1261301396998278
-0.0885399924590852	-0.12299936792515372
-0.09138823873858226	-0.11983447734753493
-0.09416185724812365	-0.1166368922402656
-0.09686009763370977	-0.11340803482535945
-0.09948224356064371	-0.11014938567504648
-0.10202761383979378	-0.1068624498723641
-0.10449556294843611	-0.1035487745676031
-0.10688548196229311	-0.10020991844869771
-0.10919679854932543	-0.09684746389565105
-0.11142897811902477	-0.09346300705290234
-0.11358152287271459	-0.0900581354401644
-0.11565397413091844	-0.08663459070400083
-0.1176459137308885	-0.08319402891603139
-0.1195569616046677	-0.07973812270058164
-0.12138677880367169	-0.0762686357173441
-0.12313506622495497	-0.07278724866433181
-0.1248015659251707	-0.06929576659123418
-0.1263860612659522	-0.06579590839283896
-0.12788837732837266	-0.06228954997109473
-0.12930838168993916	-0.0587782993018261
-0.13064597968589078	-0.05526399240651659
-0.13190112228665168	-0.05174853783566566
-0.13307380505491576	-0.048233774442274335
-0.1341640786499874	-0.04472135954999577