0.547722557505166	-1.30384048104053
0.45963688244353634	-1.064716732617915
0.3862351409751798	-0.9041245055171311
0.3230290259506276	-0.7887820639181038
0.26733176762945304	-0.7016318609147899
0.21742366024824186	-0.6330386831099983
0.17215032322521753	-0.5771558994119113
0.1307096263814808	-0.5302349170686866
0.09253006022296584	-0.4897661619543204
0.057197141490180584	-0.4540101801152677
0.02440670449135269	-0.42172764358369885
-0.006065985488544222	-0.39201659813829404
-0.03438740263006495	-0.3642104997371656
-0.06068075824919838	-0.337812324422487
-0.08503696438861244	-0.3124509884621517
-0.10752288162545312	-0.28785153720253
-0.12818769921510578	-0.26381435657372976
-0.14706799207364177	-0.24020018957715183
-0.16419181076200684	-0.21691916593711885
-0.1795820414085703	-0.1939220383527734
-0.19325918004006157	-0.17119318004564915
-0.20524362311546637	-0.14874461286978094
-0.21555753440476721	-0.1266106268077378
-0.22422632495727352	-0.10484284959681092
-0.23127977996928947	-0.0835056333757691
-0.23675284725335513	-0.06267174312037795
-0.24068611631660364	-0.04241836405274224
-0.24312601163590353	-0.022823493184701147
-0.244124732125804	-0.003962779876063369
-0.2437399750724003	0.014093080511864186
-0.24203447016787896	0.0312806534503957
-0.23907540231645452	0.047544838822143005
-0.23493371820246206	0.06284027116108543
-0.2296833954332293	0.07713159249518207
-0.2234006868303742	0.09039332323544179
-0.2161633880127613	0.1026096191998203
-0.20805014672241706	0.11377348393768244
-0.19913983447239672	0.12388582575032674
-0.1895109889575151	0.1329544004853349
-0.1792413417208511	0.1409927676442636
-0.16840742746755522	0.1480191699846316
-0.15708427797911576	0.15405536485819926
-0.14534518089652754	0.15912587721410604
-0.13326151733961258	0.1632570356178601
-0.12090265035324221	0.16647625179975367
-0.10833586221029043	0.16881155633303022
-0.09562632923780474	0.17029108309890117
-0.08283712287053205	0.17094283566302415
-0.07002922891409044	0.17079448217223955
-0.057261573643414145	0.1698732943748899
-0.04459105285014198	0.16820622906944002
-0.03207255391948273	0.16581997818609906
-0.019758965533047707	0.16274119820734712
-0.007701173592822601	0.15899676364095905
0.0040519640686052395	0.1546139831731613
0.015453664607683793	0.14962095423209257
0.0264592880447299	0.14404685938861528
0.03702642884631109	0.13792220633298138
0.04711503333303749	0.13127926599952133
0.05668752793000421	0.12415205140935218
0.06570896868138097	0.11657674975581653
0.07414720645874048	0.10859177230678384
0.08197305198650598	0.10023775658949724
0.08916045182382319	0.09155770200360375
0.09568664985466928	0.08259666880856993
0.10153235068885066	0.07340186413618516
0.1066818569009426	0.0640221287208073
0.1111231918809121	0.054507822383901706
0.11484818768320836	0.044910239386372286
0.11785255163221675	0.03528137751379857
0.12013588771423152	0.02567322903193827
0.12170168923206717	0.016137470393303956
0.12255728488451093	0.006724773359320693
0.12271375516336458	-0.0025155242062103807
0.12218580550100576	-0.011536045280210763
0.12099160872366102	-0.020291698053895357
0.11915261628089154	-0.02874011805152403
0.11669334249232738	-0.03684195803474655
0.1136411291594407	-0.04456113180181285
0.11002589394516149	-0.051864997501680096
0.10587986698473432	-0.0587244794622423
0.10123732281080826	-0.06511409066016857
0.09613431159505612	-0.07101191142588448
0.09060839268258666	-0.07639956332953746
0.08469837590305933	-0.08126204077703751
0.07844407062795757	-0.08558761036572517
0.07188604911944926	-0.08936765328563369
0.06506541942726056	-0.09259643158449175
0.05802361392007265	-0.09527099587815777
0.050802191063699834	-0.09739092611831227
0.04344264807487243	-0.09895821505463966
0.03598624836476577	-0.0999771162853359
0.02847385701979887	-0.10045397648252995
0.02094578672468849	-0.10039716996376843
0.013441651750438132	-0.09981696849271558
0.006000225931711036	-0.09872550796637962
-0.0013406929336978752	-0.09713670149862506
-0.008544415816662359	-0.09506623218190098
-0.015575493497631085	-0.09253149899697033
-0.0223998458694876	-0.08955164826361585
-0.028984889626809784	-0.08614748939954582
-0.03529966615876561	-0.08234155865825561
-0.04131496582857634	-0.07815802884588965
-0.047003453482092485	-0.07362271574255674
-0.05233978653327679	-0.06876301893644933
-0.05730073293992314	-0.06360782583981132
-0.061865279263281954	-0.05818747321037923
-0.06601473358329778	-0.05253355845874243
-0.06973281671418846	-0.04667885511291188
-0.07300574278074302	-0.040657127224042855
-0.07582228617088113	-0.034502899463041976
-0.07817383262364318	-0.028251306074114288
-0.08005441324803005	-0.021937811533878707
-0.08146072202327276	-0.015597960145757882
-0.08239211275713937	-0.009267164372037572
-0.08285057749541293	-0.0029804016158252325
-0.08284070599752415	0.0032280211991997975
-0.0823696253975077	0.00932471566021583
-0.08144692289805908	0.015277461711826467
-0.08008454940001143	0.021055387355719705
-0.07829671057280053	0.026629257098665905
-0.07609974115243207	0.03197146466202052
-0.07351196936641932	0.03705643331051973
-0.07055357239040551	0.04186044897102899
-0.06724641848048511	0.04636200766975897
-0.06361391373440069	0.05054170106270793
-0.05968083145830517	0.054382313459610136
-0.05547315370481069	0.05786891437716474
-0.05101789973649139	0.060988667525993946
-0.04634296432954258	0.06373106630120055
-0.04147695347089643	0.0660876415205231
-0.036449023018523236	0.06805213603081328
-0.03128872373495504	0.06962030929670276
-0.02602584561708475	0.07078996150336496
-0.020690270715523082	0.07156085710862263
-0.01531182647347757	0.07193466475804157
-0.009920145301504039	0.07191491753038674
-0.004544526790223293	0.07150695766044994
0.0007861954960726725	0.07071787673826793
0.006043784795529968	0.06955649848185966
0.011200727351612663	0.06803330043128751
0.01623035648661299	0.06616039722926964
0.021106972194287883	0.06395147662078841
0.025805958151371836	0.0614217664830934
0.030303894496393143	0.05858796025922456
0.03457866627369518	0.0554681950664408
0.03860956753730961	0.052081920112210536
0.04237739981555118	0.04844991415103719
0.04586456409493535	0.04459408098323798
0.049055145859981	0.040537445428847185
0.05193499197879362	0.036304002741323456
0.054491779568101945	0.03191856610654719
0.056715073539147405	0.027406690375977295
0.05859637381363549	0.02279446426394433
0.060129152168578	0.018108376781788248
0.061308874965894294	0.013375167605932478
0.062133014655776635	0.008621615031958909
0.06260104796916824	0.0038743979715549666
0.06271444036905824	-0.0008400968885556893
0.06247661840181537	-0.005495943348346328
0.061892928650118854	-0.010067847994318632
0.0609705848983447	-0.014531288929175351
0.05971860195668658	-0.018862731739498637
0.05814772254899744	-0.023039629884251338
0.05627032917170831	-0.027040751511263048
0.0541003532467974	-0.030846042276017515
0.051653169006406395	-0.03443700601379874
0.04894549014135755	-0.03779646352441672
0.04599525054925579	-0.040908959234208966
0.042821492026948606	-0.04376046559141759
0.03944423677784037	-0.04633875901852346
0.03588437011730064	-0.04863311780047655
0.032163509246495775	-0.050634641824347786
0.028303883105068157	-0.05233598051033035
0.024328203019331994	-0.053731543436792484
0.020259540356768864	-0.05481736450122356
0.016121199463181614	-0.055591132485555916
0.011936598859014944	-0.05605215687279364
0.007729147681092088	-0.05620133724967248
0.003522128849591737	-0.05604116292862722
-0.0006614187036938085	-0.055575635149676894
-0.004798813084447817	-0.05481028652187354
-0.008867841452058009	-0.05375209505204748
-0.012846868627098846	-0.052409492779625956
-0.01671494236515872	-0.050792276114679236
-0.020451896271554654	-0.048911603470820755
-0.024038447189670263	-0.046779905053660344
-0.027456292198234804	-0.04441087293975911
-0.03068819538819604	-0.04181932377057043
-0.03371807667870577	-0.03902123769755739
-0.03653108758739709	-0.036033538366506725
-0.03911368869987816	-0.03287418553459516
-0.04145371265981918	-0.029561867172778374
-0.04354042713564329	-0.026116145092704848
-0.0453645836005209	-0.022557074458252634
-0.046918462754565585	-0.018905375928638734
-0.048195907473601876	-0.015182019989940836
-0.049192348324175024	-0.011408386963764982
-0.04990481917765307	-0.007605869418906792
-0.05033196173330413	-0.00379597427823286
-0.050474022412191046	-1.295585148714037e-16