-1.3784048752090223	0.3162277660168378
-1.3487075854955304	0.3378115334877622
-1.3173649791919868	0.3529101541927751
-1.284873389612268	0.3634307326494598
-1.2515833479541982	0.3707148050066015
-1.2177431320634813	0.37570106365711464
-1.1835294888862977	0.379045775869804
-1.149069182332478	0.38120751279018006
-1.1144540338000106	0.3825070347853702
-1.0797514097720162	0.3831688577497015
-1.0450115589107485	0.3833502603629302
-1.0102727431082994	0.3831612186037025
-0.9755648531942759	0.3826783932523229
-0.9409119661790264	0.38195475235747933
-0.9063341683949127	0.38102627399356387
-0.8718488729489744	0.3799166579330287
-0.8374717732424988	0.37864059538625544
-0.803217551251684	0.3772060303609543
-0.7691004101877088	0.3756158008201506
-0.7351344853570705	0.3738687316613571
-0.7013341686345361	0.3719604239092253
-0.6677143765028618	0.3698837916319629
-0.6342907750209377	0.367629425422159
-0.6010799787346662	0.3651858336283217
-0.5680997319146733	0.36253960335734436
-0.5353690778516027	0.3596754905196212
-0.5029085219857345	0.35657649092591037
-0.4707401897634748	0.35322384689446457
-0.43888798501728027	0.34959709762675983
-0.40737774307981023	0.34567407689090535
-0.376237382866556	0.341430974430924
-0.3454970545233593	0.3368423732425244
-0.3151892810941067	0.3318813740582728
-0.2853490876597419	0.32651971827186255
-0.2560141160988638	0.3207278757565425
-0.22722471468607255	0.3144756497658905
-0.19902401113992074	0.3077323150915242
-0.17145792590589318	0.30046673156577947
-0.1445751533966879	0.2926489217847772
-0.1184270731321878	0.284249860509432
-0.09306760358931782	0.27524274930038867
-0.06855296000133884	0.26560388820441067
-0.04494132211348059	0.25531378983614605
-0.022292392880692923	0.24435846273596767
-0.0006668457578280947	0.2327306731252474
0.019874348359238292	0.22043132504530702
0.039270714015423036	0.20747073254794549
0.05746317817148606	0.19386979425570947
0.07439507971865134	0.1796609614059295
0.09001325947123998	0.16488905683160088
0.10426920093930808	0.14961170319202108
0.11712018972147022	0.1338993240347005
0.1285304409821457	0.11783431740360227
0.13847216117227942	0.10151035202488339
0.14692648869508262	0.08503058626083654
0.1538842702426021	0.0685057079397883
0.15934663557242046	0.05205151168077437
0.16332534114812655	0.03578623441586122
0.16584286605845447	0.019827780260340763
0.16693225708105683	0.00429098832868302
0.16663673373218296	-0.010714903877402378
0.1650090769746575	-0.02508847625605367
0.16211083579733648	-0.03873792004320297
0.15801139331614836	-0.0515823412302802
0.15278693790302572	-0.06355254842366274
0.14651938489069405	-0.07459138438071324
0.13929529048723988	-0.08465356463723359
0.1312047955678521	-0.09370509912768493
0.12234063533989446	-0.10172262572938763
0.11279721977476169	-0.10869236864264224
0.10266981317340061	-0.11460906663521954
0.09205381239773433	-0.1194748780550582
0.08104412198677602	-0.12329834024565692
0.06973462101016954	-0.1260934081419673
0.058217709084261375	-0.1278786381660431
0.04658391805394511	-0.12867657315140849
0.034921576160715756	-0.1285132464646171
0.02331650809730037	-0.12741785599624691
0.011851756460544694	-0.1254225752667893
0.0006073121664814341	-0.12256254705383439
-0.01034015631258805	-0.11887596139749768
-0.020917584061817655	-0.11440417117155001
-0.031055804018593168	-0.10919191339270272
-0.04068986403672643	-0.10328744829753372
-0.049759353995616276	-0.09674277699668936
-0.05820874784722731	-0.08961370235497368
-0.06598775247367492	-0.08195984050995034
-0.07305164983617511	-0.07384458463095825
-0.07936162468619001	-0.06533480805447826
-0.08488506728380249	-0.056500453935599194
-0.08959583540603452	-0.047414137955057514
-0.09347446040097587	-0.03815046425899351
-0.09650829497439822	-0.02878523785783195
-0.09869158762847745	-0.019394630689478054
-0.1000254770213713	-0.010054347610588281
-0.10051790458194156	-0.0008386800831087474
-0.1001834463141583	0.008180414337124515
-0.09904306501565005	0.016934109050017306
-0.09712378862369662	0.02535748269966625
-0.09445832564364083	0.03339021039360389
-0.09108462688747922	0.04097705762509886
-0.08704540362816436	0.04806825188419431
-0.08238761577058007	0.05461979208928403
-0.07716194414257349	0.06059360384592748
-0.07142225334086481	0.06595758357285032
-0.06522505520161725	0.0706853289939729
-0.058628986339962524	0.07475628309678294
-0.05169430102167863	0.07815536902338413
-0.04448237998014528	0.08087271857507441
-0.037055265688606495	0.08290353694914895
-0.02947521952607541	0.08424777734514888
-0.021804299346935962	0.08490992060868378
-0.014103960021905691	0.08489877996156849
-0.006434669729810565	0.08422727027407632
0.0011444571434502324	0.08291231963257913
0.008576014247208028	0.08097468657098875
0.015804646338367007	0.0784388564480788
0.02277738359640839	0.07533295369830156
0.029443966158514988	0.0716886416835497
0.03575715958677944	0.06754100143499464
0.04167305967674265	0.06292840537129844
0.047151383323225764	0.05789235876724262
0.052155742551153766	0.05247728210736473
0.0566538977664424	0.04673024145844282
0.0606179855457233	0.04070065757530977
0.0640247140920635	0.03443994509971934
0.06685552401488687	0.028001060708987655
0.06909670920601342	0.021438037478431496
0.07073949268160534	0.014805512606628721
0.07178005483619176	0.008158174238420513
0.07221951371872427	0.001550199021959157
0.07206385537783445	-0.004965271869351447
0.07132381495347288	-0.01133665926550133
0.07001471147202054	-0.017514481140429833
0.06815623964489088	-0.023451747140132265
0.06577221924885696	-0.02910442353913492
0.06289031712673608	-0.034431793322630716
0.05954173357914459	-0.03939660458838505
0.05576086752207491	-0.0439654971474214
0.05158497029587054	-0.048109036345877
0.047053777964008024	-0.051801748003238696
0.04220914350960457	-0.055022383953500544
0.03709466703870293	-0.057753733993753865
0.031755320537199164	-0.05998263619563131
0.026237083258849166	-0.061700037211603526
0.02058658047940082	-0.06290076183868776
0.014850727726838944	-0.06358351197495686
0.009076387091877613	-0.06375077547635549
0.003310029562401974	-0.06340867863055635
-0.00240259241043624	-0.0625669232251491
-0.00801676287635798	-0.06123866857151391
-0.013489111123214697	-0.05944042164790972
-0.01877791039701866	-0.05719192673791318
-0.02384336555983209	-0.05451605090339114
-0.028647889235984898	-0.051438617637377275
-0.03315636527412477	-0.04798829076668376
-0.03733639510909421	-0.04419637827239051
-0.041158529515824244	-0.04009658539230456
-0.04459647866327135	-0.035724879848402925
-0.047627298600716045	-0.031119114740736333
-0.05023155452371646	-0.0263187885356339
-0.05239345491544547	-0.021364734941390497
-0.05410095354233706	-0.016298735677992164
-0.05534582063076338	-0.011163146751005167
-0.05612367864214802	-0.006000538676769234
-0.05643400179612656	-0.0008532874601668151
-0.05628008098109643	0.004236831419840555
-0.055668952538241064	0.009229010831963357
-0.0546112925193707	0.014083794700098982
-0.05312127916424314	0.01876343308117215
-0.051216423817999346	0.023232154720516547
-0.0489173752061621	0.0274565348182674
-0.046247701263623445	0.03140567142186243
-0.043233646191263415	0.03505138382135306
-0.03990387414469131	0.03836848788495202
-0.03628919883827752	0.04133480596593095
-0.03242229915185046	0.043931300454977305
-0.028337432377218162	0.04614221558191094
-0.02407014055938071	0.04795499327176588
-0.019656953074420364	0.049360347068071554
-0.015135093034157273	0.050352284119530626
-0.010542182709262193	0.050927995053428064
-0.005915951988287508	0.05108787122178941
-0.0012939534311597906	0.0508354496862053
0.003286719211603926	0.050177306344848384
0.0077897056252366394	0.04912301673176588
0.012179645007395757	0.047685064064018734
0.016422434863976227	0.045878712218434974
0.020485480132832874	0.043721923836219284
0.024337930132515763	0.041235227382928875
0.027950903217323915	0.03844151956258369
0.03129770306132204	0.035366057243599695
0.034354006357330755	0.03203598669043201
0.037098049586817346	0.028480519283581706
0.03951077731380406	0.02473027183996647
0.04157599013543376	0.020817480919852097
0.04328044574476646	0.01677525491553538
0.0446139593624762	0.012637762776856208
0.04556945350236413	0.00843949443575444
0.04614300366333877	0.0042153465052553
0.04633383489379997	-2.47198095326695e-17