-0.45750115412839626	1.3381676628775594
-0.42959432667959513	1.2541091888260978
-0.40338238507642316	1.1804993768124494
-0.3786608042957167	1.115502488593754
-0.3552600810368808	1.0576835421315294
-0.3330382714171162	1.005904972005048
-0.31187541070457886	0.959253540131007
-0.2916692910809307	0.9169873468497586
-0.2723321909806321	0.8784977273927753
-0.25378833008058427	0.8432811409782022
-0.23597185329210688	0.810916560367606
-0.21882523330744147	0.7810499269819663
-0.20229796721633492	0.7533809807934148
-0.18634553000846715	0.7276540583304868
-0.17092850064052606	0.7036495973302654
-0.15601185957821892	0.6811778103361901
-0.1415643924614972	0.6600746971280103
-0.1275581865670813	0.6401969269747988
-0.11396821787546423	0.6214193745329201
-0.10077199188738138	0.6036318928960323
-0.0879492433022944	0.5867374035366791
-0.0754816764237426	0.5706498752943678
-0.06335274070945136	0.5552931403198208
-0.05154743891827822	0.540598915445736
-0.040052161654490645	0.5265066487083729
-0.028854535720220804	0.5129618197541961
-0.017943302348226164	0.49991553172374004
-0.00730820130228807	0.48732382182922823
0.003060127146950139	0.47514698141030204
0.013170229242890965	0.46334914948859024
0.02302991429804018	0.45189771371129345
0.03264632466213834	0.44076335384541754
0.04202599998701453	0.4299193605628051
0.05117493158530262	0.41934147564996965
0.060098610123162116	0.4090075093791336
0.06880207153193277	0.3988973544176844
0.07728993675436431	0.3889926130778497
0.08556644984675359	0.3792766875035589
0.0936355134548298	0.3697343761773391
0.10150071517810362	0.3603516850767023
0.1091653559106624	0.3511159976219964
0.11663247865295678	0.34201592097320627
0.12390489001898866	0.33304090151618687
0.13098517992431516	0.3241813958260976
0.13787574358432125	0.31542885300471785
0.1445788002385742	0.3067754595635934
0.15109640918893952	0.29821418844332265
0.15743048571742851	0.2897386819705928
0.16358281532154806	0.28134326032413587
0.16955506794709024	0.2730228470592121
0.1753488099332688	0.2647729110014077
0.1809655161597516	0.2565894939043658
0.18640658207599015	0.24846915491395608
0.1916733332384426	0.24040885508494658
0.19676703467305437	0.23240600591974972
0.2016888999993236	0.22445842345525913
0.20644010003842964	0.2165643091146845
0.21102177049906334	0.20872220936071267
0.2154350197555337	0.2009310249257988
0.21968093551848536	0.19318993369427834
0.2237605907114258	0.1854983832885821
0.22767504932374938	0.17785610783650405
0.23142537289285556	0.1702631267812888
0.23501262546784735	0.1627196481336389
0.23843787753509788	0.1552260652331056
0.2417022105987982	0.14778300997002466
0.24480672137849183	0.14039124568002687
0.24775252472480125	0.13305170453687948
0.25054075763630695	0.12576551018549753
0.2531725830728659	0.11853392394070392
0.25564919130996094	0.11135822488203674
0.2579718015162516	0.10423983209103023
0.26014166525545923	0.09718033027601591
0.26216006902525557	0.09018133766813159
0.2640283336910069	0.08324445530648877
0.2657478158000453	0.07637140036621741
0.26731991017834034	0.06956399752709477
0.2687460506321893	0.06282401026592202
0.2700277084671126	0.05615318927052982
0.27116639358819233	0.04955336775914967
0.2721636560751373	0.04302641867821136
0.2730210851258055	0.036574093043565334
0.2737403073900635	0.03019814016574767
0.274322987723628	0.023900356512621554
0.2747708296354014	0.017682500943199578
0.2750855729310255	0.011546200504859029
0.275268992325374	0.005493078982671494
0.2753228976494641	-0.0004752314486190356
0.2752491331288248	-0.006357199732838713
0.27504957447236167	-0.012151408918665377
0.27472612772627003	-0.017856456668077707
0.2742807289648412	-0.02347096887732622
0.2737153425012899	-0.02899371068278014
0.27303195819719056	-0.034423527229592216
0.2722325903660706	-0.03975930405904481
0.2713192767689735	-0.04499999093277749
0.27029407633064434	-0.05014467427762899
0.2691590667937269	-0.05519250939114604
0.2679163436071769	-0.06014269829528036
0.26656801854131873	-0.06499453897136984
0.2651162172147268	-0.06974743565313647
0.26356307737154355	-0.07440085902928208
0.2619107474119771	-0.07895435034003384
0.26016138468627503	-0.08340754174843838
0.25831715351380674	-0.08776014900599231
0.2563802236000085	-0.09201195629133337
0.25435276853484257	-0.09616282164326309
0.2522369640763753	-0.10021268143818167
0.2500349867250786	-0.10416153222469916
0.2477490122801287	-0.10800944306257575
0.24538121426438458	-0.11175655640987647
0.24293376235576264	-0.11540308238841522
0.24040882131652613	-0.11894926625442703
0.23780855001013254	-0.12239541467139099
0.23513509994371606	-0.1257419038014804
0.23239061378054965	-0.12898917614647787
0.22957722430779723	-0.13213769654197688
0.2266970540780844	-0.1351879598435112
0.22375221433470832	-0.13814052147466102
0.22074480369409133	-0.1409959979781443
0.21767690699674908	-0.1437550404136499
0.21455059517731956	-0.14641829270305484
0.2113679249037159	-0.14898644034359543
0.20813093753088877	-0.15146021921159458
0.2048416580361851	-0.15384040991225106
0.20150209459757512	-0.15612778095795385
0.1981142389064829	-0.158323105758344
0.1946800655818745	-0.1604271959754295
0.19120153133728585	-0.16244090187540844
0.1876805743244381	-0.16436508479210177
0.18411911449950621	-0.16620057712461592
0.18051905372231208	-0.16794823097822603
0.1768822751956035	-0.16960892602699665
0.1732106428871223	-0.1711835649823346
0.16950600149676323	-0.1726730244220618
0.1657701770779989	-0.17407816889958608
0.1620049768666774	-0.17539988087620761
0.15821218888758443	-0.17663906105455973
0.15439358169790868	-0.17779660675915282
0.15055090493438214	-0.17887338094017485
0.14668588963590862	-0.17987025037513804
0.1428002480670271	-0.18078809095300508
0.13889567352744991	-0.18162778571584534
0.13497384048786884	-0.18239019144011856
0.13103640529068156	-0.1830761423086226
0.12708500624478206	-0.1836864788075567
0.12312126347077199	-0.18422204871763803
0.1191467788137468	-0.18468369422670416
0.11516313643629665	-0.18507221477147073
0.11117190338940436	-0.18538840541888035
0.10717462950852233	-0.18563306907494181
0.10317284724075772	-0.1858070169504237
0.09916807171760111	-0.18591103118943536
0.0951618018589535	-0.1859458470559722
0.09115552060318398	-0.18591221609991251
0.08715069446858535	-0.18581091090900667
0.08314877340823537	-0.1856426795812019
0.07915119175987091	-0.18540824411412649
0.07515936805031562	-0.18510833903017673
0.0711747052280858	-0.18474367580537698
0.06719859116457007	-0.1843149419670589
0.06323239897955116	-0.1838228325131609
0.0592774863673203	-0.18326807202104695
0.05533519579369718	-0.18265134498433322
0.05140685545601091	-0.18197329575638102
0.04749377941470735	-0.18123460820962825
0.04359726661180222	-0.18043598300008262
0.0397186013297308	-0.1795780791648127
0.035859054079904	-0.17866152212980047
0.032019881442213245	-0.17768699440202732
0.028202324954026303	-0.1766551877600524
0.024407611796179056	-0.17556674245694046
0.020636955785314468	-0.1744222730538308
0.016891556660446158	-0.17322247706746807
0.013172599025879111	-0.17196804195485996
0.009481253246648141	-0.17065960143288098
0.005818676697043748	-0.16929774546528134
0.002186012214855709	-0.16788324980329905
-0.001415614101492782	-0.16641684182362332
-0.00498509017445959	-0.16489910193529075
-0.00852131676106411	-0.16333070189267299
-0.012023210255151736	-0.1617123649317377
-0.015489702190065124	-0.1600447906569001
-0.018919739381630975	-0.15832870752794345
-0.02231228494413488	-0.15656486130893607
-0.025666316147905037	-0.15475385774864753
-0.028980825245289745	-0.15289651430991444
-0.032254823536230603	-0.15099368747998557
-0.035487337277790076	-0.14904596141121884
-0.03867740720322674	-0.14705414567213226
-0.041824093976438825	-0.14501920020790335
-0.04492647534172616	-0.14294175138538165
-0.047983643418430436	-0.14082259015171028
-0.05099471099677559	-0.1386628139938446
-0.0539588111785584	-0.1364630552636394
-0.05687508834755296	-0.13422397756964885
-0.059742708284529815	-0.13194679137852985
-0.06256085903555786	-0.12963231917055648
-0.06532874768556074	-0.127281536289324
-0.0680456010258822	-0.12489527289632862
-0.07071067811865482	-0.12247448713915887