1.378404875209022	0.3162277660168381
1.396038210433074	0.14831925082866196
1.4022704341615082	0.01892678029497142
1.3997279453246032	-0.08044242904513593
1.3904655516865505	-0.15629679428901994
1.3760886925570852	-0.21384699070152952
1.3578415497391816	-0.25728209621449416
1.3366793353884427	-0.28993000564550164
1.313329424346727	-0.3143930389132844
1.2883423020399503	-0.3326767269496455
1.262132931363592	-0.3463085917709427
1.2350135043119304	-0.35644190554004274
1.2072188597444533	-0.36394231721986714
1.1789259026620797	-0.3694567041830545
1.150268286631824	-0.3734676331957665
1.1213474217757413	-0.37633465337360444
1.0922407020647125	-0.37832550487981254
1.063007629994993	-0.37963974489844043
1.0336943751717416	-0.38042602041871976
1.0043371785080193	-0.38079511808549577
0.9749648769507556	-0.3808295308003537
0.945600802955721	-0.3805905056674717
0.9162642085829554	-0.3801233728903365
0.8869713389687992	-0.37946134993363506
0.8577362459967014	-0.37862848462547516
0.8285714111638914	-0.3776417716434764
0.799488223989844	-0.3765127603208838
0.7704973546748255	-0.3752487130713273
0.7416090489333751	-0.3738535098476806
0.7128333621788642	-0.37232829866794837
0.6841803508178566	-0.3706719707653296
0.6556602305329218	-0.3688815647770129
0.6272835109619419	-0.36695245339253946
0.5990611132839035	-0.36487861479474254
0.5710044737515919	-0.3626527385127547
0.5431256382836391	-0.3602663357799608
0.5154373509686421	-0.35770980602768904
0.4879531368987807	-0.35497250127333896
0.46068738197733716	-0.3520427536975275
0.4336554100120189	-0.34890791829528234
0.406873556482998	-0.3455544042177833
0.3803592423678865	-0.3419676576319978
0.35413104237312754	-0.3381323186391177
0.3282087532583022	-0.33403211866859994
0.30261345170050014	-0.32965003448587044
0.2773675542611877	-0.3249684677186935
0.25249486528269066	-0.31996906211842857
0.2280206101649058	-0.3146331558659327
0.2039714717678882	-0.3089419426429314
0.1803755932065187	-0.3028762303226565
0.15726256902336586	-0.29641745583961865
0.13466343133399497	-0.2895474575032052
0.11261057420469847	-0.2822485974246601
0.09113768745726158	-0.2745052199658823
0.07027962342225602	-0.26630301120547023
0.05007225343347682	-0.2576298997251486
0.03055226594789644	-0.24847670617660667
0.011756929335156206	-0.23883768947332226
-0.00627618999986385	-0.22871114574993992
-0.023509560518893097	-0.21809979063644466
-0.03990606187290737	-0.20701149069837924
-0.05542940110062507	-0.19545987334442233
-0.07004456571320274	-0.1834647126529428
-0.08371830976938198	-0.17105215819950764
-0.09641966299315977	-0.15825498400498778
-0.10812044642771151	-0.1451127694542046
-0.1187957850141716	-0.13167167552173098
-0.1284246062483568	-0.11798402246343218
-0.13699010805845635	-0.10410802462550964
-0.14448016600314165	-0.0901067898847913
-0.15088769411529368	-0.07604763662210652
-0.15621092352569654	-0.06200095580594788
-0.1604535964431316	-0.048039074349178555
-0.16362506862121445	-0.0342350280584447
-0.1657403161743685	-0.02066132095220445
-0.1668198473643076	-0.007388708003807264
-0.16688952351219136	0.005514935991112045
-0.16598029695152425	0.017985628641307892
-0.1641278767081101	0.029964135568042505
-0.16137233493441538	0.041396646886145444
-0.1577576684908657	0.0522352618121179
-0.1533313310172197	0.06243828081979645
-0.14814374914158907	0.07197028437596487
-0.14224783331960822	0.08080222095588063
-0.13569851056370125	0.0889109225782401
-0.12855226550440424	0.09627902822517098
-0.12086671394609019	0.10289449124596411
-0.11270021015607878	0.10875013149988254
-0.10411149081452466	0.11384314173731251
-0.09515935645274458	0.11817459366200671
-0.08590239000933857	0.12174897075322866
-0.07639871077191256	0.1245737501685974
-0.06670576102454422	0.1266589777275312
-0.05688011694483088	0.1280169632798194
-0.046977325854230256	0.12866205834618827
-0.03705176069837364	0.1286103834822225
-0.027156485356716085	0.127879693698244
-0.017343130797658875	0.12648937022614448
-0.007661775620484109	0.12446034184060363
0.0018391751880848708	0.12181506902619953
0.011113112664340698	0.11857761879580328
0.020115348056635028	0.11477381463290577
0.02880325056793604	0.11043116830561317
0.03713638425205144	0.10557909878104131
0.045076654737273146	0.1002489275834979
0.052588460979296855	0.0944740030981675
0.05963884917691128	0.08828962219828469
0.06619766941903174	0.08173315291616565
0.07223772465564819	0.07484388138941574
0.07773492109633291	0.06766286140055963
0.08266840010451232	0.060232957278255304
0.08702065943050065	0.05259833819259446
0.09077765803524061	0.04480443528510177
0.09392889199541236	0.03689759189039954
0.09646745167922646	0.028924569987296714
0.09839004737994632	0.020932371929092537
0.09969700295091104	0.012967708827495804
0.10039222310867656	0.005076607865528331
0.10048312474682826	-0.002695933267219051
0.09998054055823555	-0.010306401367842551
0.09889859222720446	-0.01771306407692275
0.09725453761299767	-0.02487638252988954
0.09506859560591534	-0.031759194096598733
0.0923637467716214	-0.03832699924734998
0.08916552386450403	-0.04454821477458318
0.08550178528244998	-0.05039413103974788
0.08140247968707506	-0.05583918440364001
0.07689941158059962	-0.060860925315447116
0.07202599792853359	-0.0654399238201558
0.06681703082700058	-0.06955992004204996
0.06130844496742467	-0.07320760701474353
0.05553708645483921	-0.07637257394133858
0.04954049382015471	-0.07904727820162638
0.04335668474781205	-0.08122683633617643
0.03702395136676921	-0.08290897172702522
0.030580665617746493	-0.08409388624491321
0.02406509135943393	-0.084784157134119
0.01751520577874974	-0.08498463948797601
0.010968526087137248	-0.08470236765896974
0.004461944465866274	-0.08394653154915145
-0.001968433877328644	-0.08272832597699992
-0.008287446813942521	-0.08106099302781328
-0.014461026775010965	-0.07895969421564145
-0.0204563510462237	-0.07644151100503545
-0.02624198572649568	-0.07352539114927617
-0.03178802876545369	-0.07023209193277447
-0.03706624714783158	-0.06658413375075775
-0.042050211370854365	-0.06260573644057642
-0.04671542203739176	-0.05832274754795881
-0.05103943268266961	-0.053762502106820986
-0.05500196170729698	-0.04895380491444075
-0.05858499584026588	-0.04392665810863574
-0.06177288406329333	-0.03871224206128764
-0.06455241384040768	-0.033342650093706794
-0.06691287928757796	-0.027850691080185886
-0.06884612791592938	-0.022269766104449702
-0.07034659335009873	-0.016633505286963293
-0.07141131016405804	-0.010975649272810143
-0.07203990758048705	-0.005329742270775031
-0.07223458781563516	0.0002711065982666629
-0.07200008263477477	0.005794440212707733
-0.07134359374470477	0.01120870824882697
-0.07027471400986575	0.016483474815190417
-0.06880533427563526	0.021589645397760468
-0.06694953351709536	0.02649957506776411
-0.06472345546593704	0.031187394717108352
-0.06214517684554164	0.035628899976315936
-0.05923455965816931	0.03980194498083739
-0.0560131053626042	0.04368628430077166
-0.052503789602033904	0.047263810867274735
-0.0487309086543625	0.05051853256651433
-0.044719906355503845	0.053436554464616925
-0.04049721553794175	0.05600623110311676
-0.036090086228477744	0.05821794292529502
-0.031526424291018214	0.060064331870426514
-0.026834626412946795	0.061540023090204836
-0.022043419268205872	0.06264180586229476
-0.01718170249022371	0.06336843223045137
-0.012278392233718079	0.06372068073719582
-0.007362271179588651	0.06370125414169621
-0.0024618391276753485	0.06331475860829867
0.002394830720338599	0.06256765354334293
0.007180233313301396	0.06146819970133586
0.01186756891795696	0.06002642030798988
0.016430876713938586	0.05825403781177824
0.020845164610437054	0.05616443864177223
0.0250865339825556	0.05377258939929358
0.029132301138149252	0.051095001128091296
0.0329611110481038	0.04814963142222258
0.036553048662175965	0.04495581227427724
0.03988973900013076	0.04153417694599372
0.04295444487764768	0.03790649824105752
0.04573215106233492	0.034095677357175044
0.04820964364741573	0.030125474826911556
0.050375575747611756	0.026020527005112766
0.05222052362416173	0.021806061986875683
0.0537370323405616	0.017507839703135554
0.054919644911107554	0.01315192952559666
0.05576492323762546	0.008764545408230767
0.05627145132418127	0.004371905436653993
0.056439827936920255	6.938893903907228e-18