0.006548281586191498	1.4141984019253613
0.04626311756322911	1.282312712715232
0.08241524439891733	1.1716590407682075
0.11555154399923603	1.077150935265111
0.14609218029400017	0.9951793894288355
0.17436622694460843	0.9231136898727604
0.20063564665349182	0.8589942688765201
0.2251119298860258	0.8013325689431464
0.24796792272894416	0.7489792160161309
0.26934643674095865	0.7010349602949736
0.2893666336546716	0.656787276692766
0.3081288505097095	0.6156657656719735
0.3257182845481484	0.577210222451335
0.34220787616722487	0.5410463834027323
0.35766056667016033	0.5068681512347566
0.37213110763399787	0.47442411766867015
0.3856674963304804	0.44350663763539505
0.3983121637003923	0.41394433218479043
0.4101029301722536	0.3855953566983
0.42107379600348926	0.3583419578560362
0.43125560314500516	0.33208685396430665
0.440676573445863	0.30674915765938193
0.449362756908954	0.28226248698585765
0.45733842226958304	0.258571655109244
0.46462636383899586	0.23563181579225456
0.4712481646608049	0.21340553740738175
0.4772244188041702	0.19186278065699136
0.48257491199952923	0.1709787369756321
0.4873187652608701	0.15073281604756406
0.49147455025374337	0.13110864319742893
0.4950604029883494	0.11209236769097494
0.49809407929002475	0.09367254322102114
0.5005930314405109	0.07583943432992213
0.5025744357487721	0.058584454629644386
0.5040552373190803	0.04190006352066571
0.5050521591184634	0.025779020760372678
0.5055817229098587	0.010214618133935004
0.5056602464685939	-0.004800083823846276
0.5053038479620495	-0.0192718640917995
0.5045284367910934	-0.03320800549868413
0.5033497067155466	-0.04661592982445478
0.5017831228850836	-0.059503675223602025
0.4998439096550523	-0.07187956048229216
0.49754703715364407	-0.08375249165476624
0.49490720654587966	-0.09513179962554137
0.49193883627837	-0.10602731805562236
0.4886560485877025	-0.11644928743749496
0.4850726577586338	-0.12640832179683076
0.48120215996245935	-0.13591540575813726
0.477057721285582	-0.14498187644438607
0.4726521718795247	-0.1536191894050504
0.46799799902684597	-0.16183914441950203
0.46310734016642013	-0.16965358040480968
0.457991983585042	-0.17707440372883854
0.45266336293721515	-0.18411368650557708
0.44713255861469603	-0.19078330610913335
0.44141030019951893	-0.1970951992088272
0.4355069659592897	-0.20306116889932396
0.42943259018435637	-0.20869278911213676
0.423196865877036	-0.2140015981860139
0.4168091504524903	-0.21899877556705166
0.41027847493677777	-0.2236953183267468
0.4036135487075231	-0.2281019812823966
0.3968227691299734	-0.2322291855877783
0.38991423033708394	-0.23608706313266192
0.38289573217804945	-0.23968541428589235
0.3757747909438247	-0.2430336830667446
0.3685586481933545	-0.2461410496383944
0.3612542799989965	-0.24901629976966086
0.3538684093979422	-0.25166783403351034
0.3464075157179571	-0.25410377302324866
0.3388778439017332	-0.2563318626409945
0.3312854160935425	-0.25835948207038417
0.3236360414312671	-0.26019369012520455
0.3159353257780799	-0.26184120405635314
0.30818868192401927	-0.2633084020544975
0.3004013391656777	-0.26460134622415254
0.2925783527007965	-0.26572577624650784
0.2847246128888339	-0.26668713459940396
0.2768448538090476	-0.2674905700010388
0.26894366211914145	-0.2681409281409922
0.26102548583121393	-0.2686427711103147
0.25309464193681636	-0.26900041970891325
0.24515532379180982	-0.269217931912591
0.2372116089913071	-0.2692990980766965
0.22926746694032685	-0.2692474746432424
0.22132676495809175	-0.26906642211892506
0.21339327453675402	-0.26875907424053114
0.2054706780869261	-0.26832834214491125
0.1975625745744253	-0.26777697164402336
0.18967248552144478	-0.2671074665543424
0.18180386077755792	-0.2663221977184242
0.173960081757431	-0.26542344171299886
0.1661444646465427	-0.2644132833004437
0.1583602698725576	-0.263293474825
0.15061070601932078	-0.26206580476476116
0.1428989283172654	-0.2607320470294314
0.135228044798641	-0.25929366951146887
0.12760111841385824	-0.2577522430921465
0.1200211691144083	-0.25610907877992267
0.11249118243329315	-0.25436523178364356
0.10501411066833019	-0.25252197790221625
0.09759286740033728	-0.25058054338739405
0.09023033571375966	-0.24854178865029145
0.0829293728512333	-0.24640672533505517
0.07569280314366617	-0.2441764473619209
0.06852342354885227	-0.24185171733764246
0.06142400912666098	-0.23943338097945105
0.054397305800595895	-0.23692246046349313
0.047446033230509194	-0.2343196985847307
0.04057289054370112	-0.23162585789022694
0.033780549619507	-0.22884194447629377
0.027071655363111916	-0.22596875169144393
0.020448831069397246	-0.22300704408866462
0.013914672731037941	-0.21995786330288347
0.007471747037302636	-0.21682211509106458
0.0011225957534513886	-0.2136006510776009
-0.005130268730782057	-0.21029459806532677
-0.01128436708122881	-0.2069050265321589
-0.01733725014987273	-0.2034329560550581
-0.02328650230646954	-0.19987964838513642
-0.02912974597806781	-0.19624638110676274
-0.034864640626179305	-0.19253441218891243
-0.040488885403876476	-0.1887451907122181
-0.04600022363512342	-0.18488023348483348
-0.05139644370104754	-0.18094109098482394
-0.05667538168916145	-0.17692945471166224
-0.06183492498947095	-0.17284710239517811
-0.06687301480774235	-0.1686959121943754
-0.07178764954178918	-0.16447787106089634
-0.07657688696647497	-0.1601950305211995
-0.08123884773162471	-0.15584961129865366
-0.08577172009658718	-0.15144393996592048
-0.09017376060916231	-0.14698034804063773
-0.09444329765271778	-0.14246139371343308
-0.09857873790713982	-0.13788977054988696
-0.10257856589093282	-0.13326809163511488
-0.1064413464837666	-0.12859922957415276
-0.1101657331082946	-0.12388624793927809
-0.11375046686936047	-0.11913203955505491
-0.11719437706318778	-0.11433975382523529
-0.12049639066826737	-0.1095127977509821
-0.12365553196096972	-0.10465433820732076
-0.12667092035639207	-0.09976775233105976
-0.12954178043994646	-0.09485673640097071
-0.1322674428127517	-0.08992471610057116
-0.1348473391390642	-0.08497524023873397
-0.1372810117114726	-0.08001221894610076
-0.1395681159390728	-0.07503930528372413
-0.14170841304924173	-0.07006016126878707
-0.14370177813420465	-0.06507882203793607
-0.14554820423732825	-0.0600991164516463
-0.14724779361229853	-0.05512476182427841
-0.14880076337670217	-0.050159825075894726
-0.15020745070527894	-0.04520823846594472
-0.1514683037605852	-0.04027371877368791
-0.15258388445272783	-0.03536027526387907
-0.1535548739319077	-0.030471854275890217
-0.15438206421010628	-0.025612117770043335
-0.15506635802015284	-0.020784938095763247
-0.15560877369098028	-0.015994177249878685
-0.15601043813565477	-0.01124338921234835
-0.15627258429840526	-0.006536243541960636
-0.15639655459363314	-0.0018764215747624395
-0.15638379544227599	0.0027326862928022267
-0.1562358531369142	0.0072876640516830625
-0.1559543753656607	0.011785095889382102
-0.1555411070010341	0.01622180817308482
-0.15499788544939855	0.020594674891530267
-0.1543266400243013	0.024900610761665973
-0.15352938843238167	0.029136715380280644
-0.15260823233057086	0.03330018185892312
-0.15156535504761232	0.037388290065866685
-0.1504030180333533	0.04139846106804609
-0.14912355736482785	0.045328217782199365
-0.14772938013007686	0.04917522522638354
-0.1462229605283261	0.0529372589656996
-0.14460683684824738	0.05661221023416796
-0.14288360735017488	0.06019811442607703
-0.14105592695298924	0.06369309643365176
-0.13912650366588247	0.0670954400908375
-0.13709809445763546	0.07040352267481452
-0.13497350270756736	0.07361584548624643
-0.1327555736260374	0.07673104983670233
-0.1304471913739711	0.07974786437705979
-0.12805127607563316	0.08266510528868867
-0.12557078007105754	0.08548183877088764
-0.12300868157717677	0.08819711826907002
-0.12036798719795874	0.09081007177888999
-0.11765172733654394	0.09331993487923816
-0.11486295009707476	0.09572625402791728
-0.11200472099803782	0.09802829500606204
-0.10908011956606145	0.10022586314852036
-0.10609223650783985	0.1023183969108513
-0.10304417082994137	0.10430585604408982
-0.09993902851286657	0.10618787916064194
-0.09677991793333252	0.10796455971302779
-0.09356995098079102	0.10963569857342291
-0.09031223742220083	0.11120150573105483
-0.08700988448069992	0.11266203738824446
-0.08366600265340754	0.11401754250991383