-1.2649110640673518	0.6324555320336761
-1.2124490864060171	0.5646523837113939
-1.164983062019988	0.5173755107059032
-1.1210412837159875	0.4836153419515218
-1.079640964477305	0.45901259503215674
-1.0401093361865694	0.44074593667957285
-1.0019772374877163	0.42693362084456293
-0.9649128906098747	0.4162902160682753
-0.9286792454202052	0.40792057128253106
-0.8931057440762736	0.4011909544931949
-0.8580692316917891	0.39564616357389354
-0.8234808225368725	0.3909547734787008
-0.7892767346112236	0.3868723928916751
-0.7554118222447666	0.3832161676696007
-0.7218549704308242	0.37984747130202984
-0.6885857868929861	0.3766594084424596
-0.6555922178262266	0.3735680301453685
-0.6228688227423284	0.3705060095689554
-0.590415526463966	0.3674180337504068
-0.5582367175671973	0.36425743561551155
-0.5263406031603403	0.36098370101809385
-0.49473875254589944	0.35756062498906166
-0.46344578238057105	0.3539549229770195
-0.43247914674654536	0.3501352197159253
-0.4018590061395933	0.34607123948069035
-0.3716081552110583	0.3417332727487509
-0.341751991966671	0.33709179023810937
-0.3123185147379897	0.33211715906967093
-0.2833383376760711	0.32677952002562466
-0.2548447124389345	0.32104876670475746
-0.22687354635334414	0.3148946394577422
-0.1994634094538022	0.3082869159337726
-0.1726555158091854	0.30119574001700017
-0.1464936740453154	0.29359205032582547
-0.12102419335298419	0.28544815217728836
-0.09629573497526195	0.27673839539959594
-0.07235909820110097	0.26743997045936274
-0.049266930094967645	0.25753382465992675
-0.02707334982461884	0.24700570860317875
-0.0058334806459114895	0.2358471927210583
0.014397113959804728	0.22405695081413712
0.03356310144847062	0.2116416944486045
0.051610138068154315	0.1986174109301642
0.06848571868065381	0.18501004843076646
0.08414010481627317	0.17085650800516605
0.09852728939370943	0.15620509148056103
0.11160600877183806	0.14111511653964262
0.12334071653294411	0.12565724888953334
0.13370254607557322	0.10991249684723925
0.1426701686563344	0.09397106898825357
0.15023053966665145	0.07793084223408926
0.1563794896944407	0.061895405161086874
0.16112213410535373	0.04597189911716294
0.1644730819343567	0.030268636032542286
0.1664564339037875	0.014892727428882441
0.16710557306921822	-0.00005223605708705209
0.1664627597712708	-0.014468304280492728
0.16457855405684957	-0.02826497898953998
0.1615110950087304	-0.041360643020979485
0.15732527203569954	-0.053683570046740924
0.15209182534708415	-0.06517251395236749
0.14588641248298756	-0.07577689671689629
0.13878867486006077	-0.08545663844863359
0.1308813334691688	-0.0941816882529265
0.12224933686276622	-0.10193132492561514
0.11297907789136326	-0.10869329155075781
0.10315768931799842	-0.11446286332228034
0.09287242250573088	-0.11924190564727975
0.08221010794678411	-0.1230379717895936
0.07125669207023168	-0.12586348177625656
0.06009684154985806	-0.1277350130848197
0.04881360306935314	-0.12867273959332734
0.03748811256292976	-0.12869991914232995
0.026199327800859283	-0.1278426773006525
0.01502378952488724	-0.12612987658367536
0.004035389935509261	-0.12359295117629603
-0.0066948620640891136	-0.1202659647982512
-0.017099077811250744	-0.11618580679573735
-0.027112738083792255	-0.11139228619995169
-0.036674959060101764	-0.10592826764228012
-0.04572877074683866	-0.0998398886841374
-0.05422140675827031	-0.09317663601966607
-0.0621046035587078	-0.08599137654288402
-0.0693348984318365	-0.07834038933011958
-0.0758739189916292	-0.07028316907965958
-0.08168865786624077	-0.061882123273350916
-0.08675171903282634	-0.05320230516508825
-0.09104152328904895	-0.04431090986861472
-0.09454246958800037	-0.035276594760353774
-0.09724504116745973	-0.026168851624845862
-0.09914584607431666	-0.01705734213388831
-0.10024759184336679	-0.00801101464569729
-0.1005589933364454	0.000902645327289288
-0.10009461011588605	0.0096183492524689
-0.09887461884597872	0.018073758298937967
-0.09692452766346693	0.026210116666024963
-0.09427483624412572	0.033972750641179605
-0.09096065193804985	0.04131157901243869
-0.08702127435629405	0.04818145424623689
-0.08249975352781971	0.05454230884965093
-0.07744243202857701	0.06035928761295597
-0.07189848349344857	0.06560285743124221
-0.06591945325066109	0.07024867161037124
-0.05955880466213946	0.07427742519380974
-0.05287147965565461	0.07767473126387112
-0.045913477069255915	0.08043093048828416
-0.038741448093007044	0.08254082685942155
-0.03141231069800327	0.08400349819153452
-0.023982883667708083	0.08482209559916945
-0.016509537508085564	0.08500363218039918
-0.009047860661962028	0.08455883527618059
-0.0016523405659096308	0.08350201667569333
0.005623945512103565	0.08185090509121935
0.012729629332842527	0.07962659491122459
0.019615341293222375	0.07685344605175261
0.026233993925020016	0.07355897243993549
0.03254105716903055	0.06977378794211173
0.038494824759564325	0.0655314778220452
0.04405667176761634	0.06086848018718138
0.049191298148955696	0.055823946897387094
0.05386695731261513	0.050439500030857835
0.05805566669162204	0.044759018856986584
0.06173339252114433	0.03882838848986855
0.06488020869479151	0.03269509382732147
0.06748042599362383	0.026407868250966866
0.06952268344268712	0.020016341377654616
0.07100000331123743	0.013570509901859727
0.07190980761912705	0.007120301895343945
0.0722538910710339	0.0007151449818699955
0.07203835369186408	-0.005596556274227434
0.07127349341304205	-0.011767839416236409
0.06997365841107298	-0.017753623068119225
0.06815706517017686	-0.023511113942413665
0.0658455829870076	-0.02900010186600866
0.0630644891324479	-0.0341833078798735
0.05984220303051673	-0.039026643961895986
0.05620999889012238	-0.04349932581684171
0.052201703627583224	-0.04757404824499009
0.047853384893662976	-0.05122722613902871
0.04320303535714484	-0.054438702425579105
0.03829024895762483	-0.05719212189115799
0.03315590660249163	-0.05947470889741131
0.027841852102133115	-0.06127721708815309
0.022390585370982118	-0.0625940198315484
0.016844953250211594	-0.06342284701395497
0.01124784939443045	-0.06376485370251865
0.005641923653043534	-0.06362445276233472
0.000069295522982263	-0.06300925186137689
-0.0054287219748223765	-0.06192997404950162
-0.010811891796290931	-0.060400348320190166
-0.01604131392717731	-0.05843702515107453
-0.021079677473345375	-0.056059479886950966
-0.025891503984170696	-0.053289873988748876
-0.030443380107704584	-0.05015298180608249
-0.03470417754527472	-0.04667598150640051
-0.03864526271366064	-0.04288834572835083
-0.042240685802399855	-0.038821655791627115
-0.04546735842291006	-0.034509303725630304
-0.04830520705805255	-0.029986422961717885
-0.05073730554271272	-0.025289429466703973
-0.052749985001254975	-0.020455872814783872
-0.054332915392345235	-0.015524107981606665
-0.05547916087476975	-0.010532898646493066
-0.056185205693752176	-0.005521166767734991
-0.056450949157472605	-0.0005276143508623032
-0.05627967266695871	0.004409626743062854
-0.05567797535506231	0.009253299959415949
-0.05465568222012481	0.013967369256497515
-0.05322572459122388	0.01851728088629348
-0.051403994829116235	0.022870286760191233
-0.049209180196093605	0.02699566645992404
-0.0466625729914846	0.030864895308030438
-0.043787865975823737	0.03445194600859488
-0.04061093340829139	0.03773331668342902
-0.03715959612060132	0.040688191291494064
-0.03346338317002243	0.0432985992074102
-0.029553283319112562	0.04554934310493355
-0.025461491460485403	0.04742814175654952
-0.02122115710609259	0.04892562741779023
-0.016866127731741495	0.05003527525269175
-0.012430695353318338	0.050753473404349825
-0.007949346437991642	0.0510794598109509
-0.0034565108774579738	0.05101521681980813
0.0010136781756825142	0.05056553771862219
0.005427625348509616	0.04973783822390453
0.009752506189735125	0.04854220150781203
0.01395649170986617	0.04699120092852114
0.01800896950707216	0.045099866379379135
0.021880751547092393	0.04288558300848534
0.025544277230327168	0.040367910345790785
0.02897380145411351	0.037568569430960756
0.03214557246573904	0.034511143431303945
0.035037997312281445	0.03122106571135548
0.03763178593980344	0.02772532237714531
0.03991009195952266	0.024052328561107568
0.04185861337496161	0.02023163894164938
0.04346569927827986	0.016293781868323837
0.0447224092093852	0.012269973720617642
0.04562257602778468	0.00819186612252468
0.046162820901862335	0.004091297210770262
0.046342567253704094	5.117434254131581e-17