-0.2612589099523137	1.389871858111578
-0.22490918227080478	1.275938551830761
-0.19142099436113622	1.1795212710648884
-0.16037152633544954	1.0967665686876944
-0.1314281145337403	1.0248572110001628
-0.10432473171380396	0.9616863203068657
-0.07884565234378425	0.9056479256344265
-0.05481383371142065	0.8554961687998499
-0.032082449729025214	0.8102501637811158
-0.010528615053691761	0.7691280405716776
0.00995134872931944	0.731498133228756
0.02944554021332902	0.69684590843338
0.04802929757455544	0.6647476563833397
0.06576741447105566	0.6348521526734929
0.08271590407054459	0.6068651390274814
0.09892340900560025	0.5805396205875136
0.1144323569908056	0.5556661698348336
0.12927990057223412	0.5320665343389356
0.14349869387195247	0.5095888116940338
0.15711754221321622	0.488102300012631
0.17016193321065787	0.46749448826526274
0.1826545083373133	0.447668445616243
0.19461544039050338	0.4285404611412298
0.20606277152916647	0.4100376177864683
0.21701269499966472	0.3920972217855047
0.22747980518340707	0.37466469845426636
0.2374773080005722	0.35769262703183674
0.2470172038034377	0.3411402756436426
0.2561104608975513	0.3249722485506457
0.2647671461498427	0.30915820771559427
0.27299656237464726	0.2936721772886955
0.28080735397399453	0.27849194018888324
0.2882076060847258	0.2635985652960503
0.29520492621474315	0.24897616635817074
0.3018065337489083	0.23461187931232005
0.30801931726190795	0.22049444460573706
0.31384989638841354	0.20661540916274457
0.3193046825941361	0.1929678385609214
0.32438992007639245	0.1795464068441134
0.32911172841237174	0.16634729559960507
0.33347613423209527	0.15336743990772486
0.3374890995367546	0.14060533960464155
0.3411565649685252	0.12806060903781555
0.34448445800390287	0.11573277836298355
0.34747870720456536	0.10362251848878401
0.3501452738325963	0.09173131486327904
0.35249015441635867	0.0800602972354635
0.3545193835476325	0.06861125735470368
0.35623905466591665	0.05738654362816429
0.35765531871284995	0.04638799578445108
0.3587743789157493	0.035617738704186004
0.35960250260274007	0.025078227945146414
0.36014601726862033	0.014771357651308043
0.36041130044438413	0.0046990238130707905
0.3604047842758381	-0.005136741080987028
0.36013294991845163	-0.01473444849503696
0.35960231517694313	-0.024092797947370712
0.3588194336117236	-0.03321051183084331
0.35779088787050345	-0.042086798763959626
0.35652327720512167	-0.05072115716351341
0.3550232128935072	-0.05911322842551125
0.35329731094535893	-0.06726306691375616
0.35135218091308057	-0.07517104378299796
0.34919441933735385	-0.08283775065909157
0.34683060220203366	-0.09026411985443679
0.3442672758252842	-0.09745137064222623
0.34151094977937607	-0.10440098055090126
0.3385680894810847	-0.11111470305390557
0.33544510931996785	-0.1175945188193253
0.33214836620838345	-0.12384266254045997
0.32868415270761936	-0.12986159416351506
0.32505869237172075	-0.13565391487710488
0.32127813462811333	-0.14122246324605453
0.31734854859723904	-0.14657025208819818
0.31327592026299095	-0.15170037003192588
0.3090661489788251	-0.1566160821354657
0.3047250427863539	-0.16132078685220544
0.30025831674450604	-0.16581790052086223
0.29567159116497277	-0.17011095988607988
0.2909703879571127	-0.17420361479421861
0.28616013041520855	-0.17809942551193816
0.28124614379282736	-0.18180205592553722
0.2762336517116246	-0.1853152323242224
0.2711277770174989	-0.1886426538914393
0.2659335409826427	-0.1917880113017988
0.26065586564015575	-0.19475492633688699
0.25529957327364533	-0.19754703625026787
0.249869388829696	-0.2001678692264102
0.24436994039793827	-0.20262099401155023
0.2388057582094137	-0.20490999000713558
0.23318127708675732	-0.20703824342706834
0.22750084098733228	-0.20900905843042497
0.2217687037058135	-0.21082573447667682
0.21598902908111062	-0.2124915517067128
0.21016589326294316	-0.2140096280466775
0.20430328919668586	-0.21538296892381303
0.19840512827472723	-0.21661454231995653
0.19247524138287753	-0.21770727342677815
0.18651738105335589	-0.21866395513505832
0.180535225509551	-0.21948725838590658
0.17453238082938058	-0.22017979733258822
0.16851238248547512	-0.22074412834223855
0.16247869741622578	-0.2211827003534641
0.156434727442345	-0.22149784725897168
0.1503838115649706	-0.2216918376836826
0.144329227719875	-0.22176687565304512
0.1382741947539418	-0.22172507707851752
0.13222187516091222	-0.22156846111240688
0.12617537720023217	-0.22129898194503747
0.12013775665761209	-0.22091852891402927
0.11411201868908193	-0.22042891801581133
0.10810111990742945	-0.2198318935343199
0.10210797006471929	-0.21912914276327458
0.09613543366896861	-0.21832229238668863
0.09018633165444616	-0.21741290729233625
0.08426344289839824	-0.21640250832050803
0.0783695052676438	-0.21529257462739512
0.07250721697101775	-0.21408453178273165
0.06667923802343437	-0.21277975299499596
0.0608881913012607	-0.21137959394653494
0.05513666281089317	-0.20988539155690902
0.04942720266460228	-0.20829843753528052
0.04376232632541514	-0.2066199795159188
0.03814451530977536	-0.20485126976835544
0.03257621662999751	-0.202993571478786
0.027059843266951114	-0.20104811261078462
0.021597775178341834	-0.1990160849198614
0.01619235976218332	-0.19689869984884834
0.010845910509721631	-0.19469721545022636
0.0055607068361686884	-0.19241286579825223
0.0003389948619423912	-0.19004685598522178
-0.004817012290042083	-0.18760041932161384
-0.009905136478685569	-0.18507487158643388
-0.014923235460764312	-0.18247151920496324
-0.019869202382745255	-0.17979164798573027
-0.02474096559843392	-0.1770365725177431
-0.029536491049721232	-0.1742077233407651
-0.03425378402025667	-0.17130653919954375
-0.038890888893509834	-0.1683344452834555
-0.04344588906635799	-0.16529289369933967
-0.04791690948430348	-0.16218347457873075
-0.052302119140067174	-0.15900780701145775
-0.05659973117656642	-0.15576750576440956
-0.06080800294130105	-0.15246420913489572
-0.06492523838861744	-0.14909970020579008
-0.06894979115174449	-0.14567581335543325
-0.0728800650102594	-0.14219438723740283
-0.07671451408787869	-0.13865728057064716
-0.08045164493458669	-0.13506649119766304
-0.08409002000799609	-0.13142409078324946
-0.08762825843171881	-0.12773215780394598
-0.09106503624586978	-0.12399279254505917
-0.09439908840710746	-0.1202082205968729
-0.0976292116546514	-0.11638072361023381
-0.10075426536460354	-0.11251260991399978
-0.1037731726311222	-0.10860624908700031
-0.10668492242122664	-0.10466408797169731
-0.1094885709977355	-0.10068860638137747
-0.11218324282142787	-0.09668232565000541
-0.11476813218753484	-0.0926478381402858
-0.11724250473717561	-0.08858777272523574
-0.11960569829185107	-0.08450478936652109
-0.12185712397866881	-0.08040159978200098
-0.12399626751892595	-0.07628095124859634
-0.12602268998112942	-0.07214561483520832
-0.12793602841133578	-0.06799838936294107
-0.12973599701060215	-0.06384212251894829
-0.13142238774791468	-0.059679656948589344
-0.13299507001964084	-0.055513828273441666
-0.13445399161387028	-0.05134755000271779
-0.13579917994824314	-0.04718371742169904
-0.13703074070648982	-0.04302518736583778
-0.138148858312088	-0.038874850902329575
-0.13915379512384884	-0.034735544842289814
-0.14004589191301106	-0.03061018123599299
-0.14082556891089176	-0.02650162492591789
-0.14149332274334517	-0.022412646818396303
-0.14204972691167964	-0.01834610392033454
-0.14249543195885972	-0.01430474696691944
-0.14283116253240408	-0.010291295851110622
-0.14305771833015818	-0.006308500079846097
-0.14317597219629422	-0.002358967702442652
-0.1431868681586376	0.0015546692233574608
-0.14309142204508143	0.005429828276807527
-0.14289071798618672	0.00926405422515124
-0.14258590815751004	0.013054797466341035
-0.14217821269210845	0.016799756845975032
-0.1416689109191872	0.020496701228395562
-0.1410593477934579	0.024143215044229005
-0.14035093027636944	0.02773707749355293
-0.13954512515479037	0.031276233124722434
-0.13864345267714115	0.03475865685916576
-0.13764749112559246	0.03818233537486207
-0.1365588690305444	0.04154536539090505
-0.13537926840147177	0.044845971531815895
-0.1341104175570437	0.048082318060256236
-0.13275409384935483	0.051252825343053046
-0.13131211693678468	0.05435586958821804
-0.1297863489184973	0.0573899951003487
-0.12817869378086133	0.06035361981548343
-0.1264911064067352	0.06324555320336762