0.4197033366829998	-1.35049957762939
0.3913865927009708	-1.2643725132843224
0.36481566181376335	-1.1890442048077399
0.339778197440246	-1.1225933899934089
0.3160986606837959	-1.063522986703257
0.2936303913170414	-1.0106498987356312
0.27224970572872587	-0.9630265106544721
0.2518514235072227	-0.9198847406658054
0.23234543967517168	-0.8805961116453028
0.21365404395770843	-0.8446410255321274
0.19570981615923702	-0.8115864768779685
0.17845394145178048	-0.7810685161208413
0.1618348701605694	-0.752779330058123
0.14580721117109996	-0.7264565743500865
0.13033083724055677	-0.7018755468230623
0.11537014558776366	-0.6788428383453453
0.10089343642823792	-0.657190744798687
0.08687240719561537	-0.6367730563287155
0.07328170990383233	-0.617462488052801
0.060098590770023316	-0.5991470546037071
0.04730257152882905	-0.5817279323941925
0.034875187795743626	-0.5651181264918735
0.02279975274904372	-0.5492402666880745
0.01106116263587592	-0.5340253660927679
-0.00035427198974492466	-0.5194120456030799
-0.011458987188723622	-0.5053454211293671
-0.022264285663961318	-0.4917761590464829
-0.03278046235875398	-0.4786600488613222
-0.04301689665900843	-0.46595712293218483
-0.052982150386120586	-0.4536315742975113
-0.06268404491348992	-0.4416509087162917
-0.07212973193400962	-0.4299857229363959
-0.08132575382308196	-0.41860924773082486
-0.09027810649422305	-0.40749771568483023
-0.0989922898262136	-0.3966290210497931
-0.10747334854371601	-0.3859834182373221
-0.11572592229659069	-0.37554301046593574
-0.12375427596259043	-0.3652912725542454
-0.13156233785246688	-0.3552135839082986
-0.13915373232049819	-0.34529649381044664
-0.14653180648571923	-0.3355278519775116
-0.15369965730382407	-0.32589670821956795
-0.16066015426533933	-0.3163930077733289
-0.16741596146266588	-0.30700790478085865
-0.17396956297644842	-0.2977334993329872
-0.1803232769508356	-0.2885624396604219
-0.18647927252077146	-0.27948835895716434
-0.1924395901992864	-0.27050565788668707
-0.19820615438608152	-0.2616092661752308
-0.20378078701106753	-0.25279478304200015
-0.20916522146665337	-0.24405843807320712
-0.21436111446949876	-0.23539688005587744
-0.2193700549388562	-0.2268072538936937
-0.22419357664985973	-0.21828732339727538
-0.2288331699995885	-0.20983524464005027
-0.2332902873716584	-0.2014493976215287
-0.23756635089364284	-0.19312862295997374
-0.2416627626800817	-0.18487222191930816
-0.24558091259096365	-0.17667970382132858
-0.2493221815255532	-0.16855078164698498
-0.2528879480891668	-0.16048553370482752
-0.25627959639451625	-0.15248436535222992
-0.259498520450006	-0.1445477537350489
-0.26254612618572887	-0.1366763627595769
-0.2654238370035973	-0.12887114079148457
-0.26813309942547925	-0.12113323165118045
-0.2706753845564284	-0.1134637638586275
-0.2730521895070659	-0.1058640342093525
-0.2752650418242013	-0.09833555205125075
-0.2773155029670511	-0.09087988521389033
-0.27920516751681645	-0.08349855518808176
-0.280935664417092	-0.07619322263090825
-0.28250866024432275	-0.06896568871054228
-0.2839258603866012	-0.06181768976790106
-0.28518900699767025	-0.05475092514367102
-0.28629988012194485	-0.04776719426560266
-0.2872602997143538	-0.04086835630222921
-0.2880721246243847	-0.03405612446066512
-0.28873725030629205	-0.027332196240606628
-0.28925760963000857	-0.020698326378587935
-0.28963517355845775	-0.01415623852812841
-0.28987194849025644	-0.007707493525153288
-0.2899699743889573	-0.001353642684828712
-0.28993132499506097	0.004903751562368112
-0.2897581071307879	0.011063233658591375
-0.2894524573494493	0.017123487868035688
-0.28901654045284775	0.023083218389214944
-0.2884525491182188	0.028941159298614023
-0.28776270198497983	0.034696197139482264
-0.2869492405593869	0.04034731409986651
-0.286014427892702	0.04589354048566013
-0.2849605474161236	0.05133397654873777
-0.28378990048765135	0.05666787071984509
-0.2825048037373414	0.06189455205556686
-0.2811075877656211	0.06701340307105687
-0.27960059560549405	0.0720239095496657
-0.2779861800848884	0.07692566857893737
-0.2762667019706972	0.08171835249718391
-0.2744445282470235	0.08640171537435906
-0.2725220302738852	0.09097560252154419
-0.27050158173300515	0.09543995027738708
-0.2683855568964561	0.09979476681371678
-0.26617632905501	0.10404013859774824
-0.26387626865245883	0.10817623432759974
-0.2614877419292828	0.1122032773219636
-0.2590131094306372	0.1161215709084753
-0.2564547242449453	0.11993149992834615
-0.2538149303032514	0.12363351717703115
-0.25109606147549274	0.1272280980550247
-0.2483004407142565	0.13071578083677435
-0.24543037849604038	0.1340971784599617
-0.24248817121541916	0.13737297462720688
-0.2394761001640314	0.1405438664070529
-0.23639643144798544	0.14361057070591196
-0.23325141497194388	0.14657386649483067
-0.2300432830716586	0.14943459592259
-0.2267742493131929	0.15219363620911633
-0.2234465085235116	0.15485184215669304
-0.2200622366899577	0.1574101047896685
-0.2166235899498755	0.15986936471207883
-0.21313270352967412	0.16223060782179485
-0.20959169132336314	0.16449480275390252
-0.2060026464870056	0.16666290816102608
-0.2023676410310396	0.16873591746163294
-0.19868872504534674	0.17071485992311786
-0.19496792605626978	0.1726007774336211
-0.19120724948246956	0.17439466973826617
-0.18740867903607128	0.17609754711132367
-0.1835741762797346	0.17771044308673975
-0.1797056801296597	0.17923441192176384
-0.1758051068180589	0.1806704807303739
-0.17187435072011253	0.1820196502205645
-0.1679152844034671	0.1832829328354568
-0.16392975835267784	0.18446135381551026
-0.15991960076693237	0.18555593725000663
-0.15588661812167573	0.18656766326728305
-0.1518325957833705	0.18749750556285896
-0.14775929796068388	0.18834644272537043
-0.1436684676017488	0.1891154570146344
-0.1395618265664254	0.18980550385474815
-0.13544107640266462	0.1904175094543426
-0.13130789861638847	0.1909523976115452
-0.12716395470905636	0.19141109040958143
-0.12301088624202958	0.19179450245533913
-0.11885031531594718	0.19210351265979245
-0.11468384519798862	0.1923389851870361
-0.11051306045582024	0.1925017813505402
-0.1063395270188702	0.1925927597143
-0.10216479232948178	0.19261276095108518
-0.09799038607579648	0.19256258673504129
-0.0938178206347008	0.19244303624058579
-0.0896485910259878	0.19225491189263666
-0.08548417482869299	0.19199901993884702
-0.0813260325044267	0.19167611965503903
-0.0771756086072044	0.19128693641231437
-0.07303433174905208	0.19083221688187163
-0.06890361411736422	0.19031272811145528
-0.06478485165781427	0.18972918595861146
-0.0606794249500273	0.18908231505887083
-0.05658869873223825	0.18837283857034304
-0.05251402240620172	0.1876014484852736
-0.048456730705757914	0.18676880879782184
-0.044418143730436274	0.18587562125715718
-0.04039956598257875	0.18492260327705864
-0.03640228695342826	0.18391042104146466
-0.03242758215755484	0.18283971048698106
-0.028476712660784165	0.181711174634708
-0.024550924203023905	0.18052550773208603
-0.020651447970849484	0.17928335840216952
-0.01677950137931835	0.17798536586152625
-0.012936287136461604	0.1766322436937899
-0.009122992604305893	0.1752246807770489
-0.005340790755173734	0.17376331688359375
-0.0015908407166006638	0.17224881509732531
0.0021257137283174857	0.17068190934625005
0.005807744358220546	0.16906329420333235
0.009454137401554043	0.16739360243621196
0.013063792822299171	0.16567352928880658
0.016635627953438228	0.16390392331919212
0.020168577026352816	0.16208547827614667
0.023661587895803998	0.1602188103568111
0.027113624007085863	0.15830472013929162
0.030523665555465568	0.15634395221429412
0.033890709155118305	0.1543372823528459
0.03721376903625043	0.15228556208496635
0.040491876490159055	0.15018946827290938
0.04372407761571131	0.14804978394772533
0.04690943865863023	0.14586752664025754
0.05004704495189578	0.1436433875323799
0.05313599656231259	0.14137815168627663
0.0561754143012365	0.13907290201621558
0.059164440117267604	0.13672841668163851
0.06210223153403793	0.1343454894244298
0.06498796743338295	0.13192529398296285
0.06782085106244039	0.12946869011521367
0.07060009907834244	0.12697631934597967
0.07332494987826073	0.12444949027162812
0.07599466775809086	0.12188916666858346
0.07860853817565668	0.11929642491108643
0.08116586891490798	0.11667220035607485
0.08366600265340754	0.11401754250991383