-0.8944271909999161	-1.0954451150103321
-0.9649043879272949	-0.7961344794910096
-1.0159169627561655	-0.5709272306535034
-1.0518764145162507	-0.3924913549844241
-1.0757405568454343	-0.24744208223513586
-1.0897155292874805	-0.1283567601853736
-1.0955633066050658	-0.030491871907868708
-1.0947421289816954	0.049642726326517866
-1.0884744861108229	0.1148930895431852
-1.0777849556389842	0.1677031674439298
-1.063526640795994	0.21020011534294894
-1.046403711825808	0.24422330333225367
-1.0269924264246693	0.27134030221332
-1.0057608678840018	0.29286603267391326
-0.983087042672505	0.30988732663832713
-0.9592749673174505	0.32329137215196685
-0.9345685640264485	0.33379514113778624
-0.9091633830824392	0.34197348691216284
-0.8832163088140439	0.3482845346047359
-0.8568534824814905	0.35309171731796085
-0.8301766995197066	0.3566823421899473
-0.8032685360129521	0.35928287862003616
-0.7761964357163417	0.3610714413301399
-0.7490159542943954	0.36218778891876685
-0.7217733334483298	0.36274120973358404
-0.6945075433968934	0.36281686299893234
-0.6672519018857128	0.36248074955005055
-0.6400353625674409	0.3617835805197342
-0.6128835410537427	0.36076392870684987
-0.5858195406620635	0.359450458558574
-0.5588646152128892	0.35786397603558306
-0.5320387067335545	0.35601881544119296
-0.5053608855307701	0.35392400801842533
-0.4788497126175829	0.351584212583816
-0.45252354100184206	0.34900040629753126
-0.42640076959627593	0.34617050731218707
-0.4005000551773401	0.3430897425322817
-0.3748405002836046	0.3397511215179613
-0.3494418084503749	0.33614568401122946
-0.3243244212622719	0.3322627872474623
-0.29950963584847873	0.3280903353260275
-0.2750197062240402	0.3236150048569948
-0.25087792687660043	0.3188224580569038
-0.22710870117981524	0.3136975565513135
-0.2037375925043299	0.308224609369798
-0.18079135769786145	0.30238760538267334
-0.1582979597049574	0.29617048051758676
-0.1362865587939184	0.2895574875500282
-0.11478747999672449	0.28253347809403445
-0.09383215082633523	0.2750842854991747
-0.0734530108587207	0.26719720669796937
-0.05368338871701461	0.2588614128800828
-0.03455734080137388	0.2500684152218826
-0.01610945444546612	0.24081264716050843
0.0016253881095901583	0.23109194767483407
0.01861228768341672	0.220908092877838
0.03481664294919578	0.21026732887153868
0.05020450385928489	0.19918081971973564
0.06474295969301333	0.18766508918235308
0.07840055348760273	0.17574238651625992
0.09114771887824946	0.16344084474043333
0.10295723172712845	0.15079458237784907
0.11380466109928285	0.137843796807126
0.1236688102707134	0.12463443410187863
0.13253214090108362	0.11121774424443726
0.14038115605836965	0.09764990768416038
0.14720674188101343	0.08399127820433841
0.15300444663473553	0.07030547437566423
0.15777469445118497	0.05665844934698365
0.16152292277012273	0.04311745868644964
0.16425963853194628	0.029749995808740756
0.16600039352375465	0.01662266752989662
0.16676567975991458	0.0038001546297889485
0.1665807487095974	-0.008655714646925067
0.16547536060192194	-0.020686863282117593
0.16348347882827544	-0.03223966879133147
0.1606429130611148	-0.043265453697680076
0.1569949286345453	-0.05372096652773626
0.15258383203644807	-0.06356856007350657
0.14745654543400918	-0.07277626000528967
0.14166218198592412	-0.08131771961837755
0.1352516306512929	-0.08917198832729217
0.12827715856627311	-0.09632325847514599
0.12079203908247803	-0.10276051868180412
0.11285020756286963	-0.10847710313669391
0.10450594829374497	-0.1134702789992736
0.0958136152755165	-0.11774088184437408
0.08682738322333697	-0.1212927928972621
0.0776010285602663	-0.12413263006688559
0.06818773968419163	-0.12626940322783145
0.058639949001539196	-0.12771417284580333
0.049009186047971824	-0.128479857552042
0.03934594701431693	-0.12858102631235896
0.029699575277759745	-0.1280337659186931
0.020118150868758185	-0.12685560655426167
0.010648383707730587	-0.12506547282965358
0.0013355083849409064	-0.12268370641222204
-0.007776822247420544	-0.1197320828263931
-0.016646648041172215	-0.11623386458407034
-0.02523381587208047	-0.11221390365415186
-0.03350010059416552	-0.10769867523689915
-0.041409331335962994	-0.10271637772760817
-0.04892752294697366	-0.09729698678727643
-0.05602301016437594	-0.09147229002073334
-0.06266658446840712	-0.08527585985093121
-0.06883162952502234	-0.07874308967027063
-0.07449425156133116	-0.07191107494069957
-0.07963340501353063	-0.06481846014088521
-0.0842310067944523	-0.0575053862540356
-0.08827203420381202	-0.050013196513859035
-0.09174461019967135	-0.04238416076456377
-0.09464006530204454	-0.034661311990109724
-0.09695297634115359	-0.026888018224379345
-0.09868118367038668	-0.01910765534435757
-0.09982577906963688	-0.011363324237834142
-0.10039106796229849	-0.003697413282560307
-0.10038450577267048	0.003848711094028504
-0.09981660674494695	0.011235052138037804
-0.09870083004726883	0.01842330344720181
-0.09705344183190905	0.025377088507707018
-0.09489335837655297	0.032062286385138195
-0.09224197348341069	0.03844716459582112
-0.089122969788195	0.044502506983922906
-0.08556211959888585	0.05020193799493701
-0.08158708373125675	0.05552165775727862
-0.07722719654732987	0.060440792284503414
-0.07251326275275288	0.06494124574968126
-0.06747734034291522	0.06900761168695235
-0.062152540573485036	0.07262733222426825
-0.05657282380497299	0.07579034734047645
-0.050772804350781894	0.07848925592639688
-0.044787564400437074	0.08071904987077737
-0.03865247085859182	0.0824770959360586
-0.03240300397935905	0.08376301861164462
-0.026074590002379692	0.08457860892284205
-0.019702442735119775	0.08492772103086474
-0.013321409354289408	0.08481622898006196
-0.006965824512710987	0.08425192140338268
-0.0006693650675940293	0.08324446147442097
0.00553508608975548	0.08180535260829437
0.011615577334343027	0.07994783639848911
0.01754121881011901	0.07768693692615432
0.023282312223665814	0.07503933520863271
0.028810476769049916	0.0720233989464508
0.034098772226558605	0.06865909365708718
0.03912181807364741	0.06496796249359829
0.043855909361941794	0.06097302345703956
0.04827912589632614	0.05669876573902569
0.052371436516776275	0.05217094450901383
0.05611479599056555	0.047416624004074495
0.059493230711451454	0.042463895643769616
0.06249291963158972	0.037341858854400146
0.0651022560721893	0.032080397047032846
0.06731190496504852	0.02670998418241143
0.06911483987585201	0.02126159056562718
0.07050636882612243	0.015766336631380478
0.07148414380856795	0.010255422113235137
0.0720481528253117	0.004759817038120187
0.07220069862389578	-0.000689911690526956
0.07194635848724888	-0.006063818237927998
0.07129193071301979	-0.011332776630618343
0.07024636446739091	-0.0164686946472371
0.06882067775127546	-0.021444658765617873
0.06702785944991979	-0.026235112924945382
0.06488276431707447	-0.030816030751594753
0.06240199349421026	-0.03516493895501623
0.05960376970457283	-0.03926117770993003
0.05650780547018509	-0.04308580527966201
0.053135162798050375	-0.04662178328922492
0.04950811560657003	-0.0498540163058097
0.04564999754789151	-0.052769256222015656
0.04158506735675179	-0.05535627976016554
0.037338352520305304	-0.05760571942603845
0.032935512608531205	-0.05951022793443814
0.028402687935695753	-0.06106426139427915
0.02376636421208004	-0.062264239445443396
0.019053227697413404	-0.06310834686699669
0.014290031898345898	-0.06359663862108968
0.009503460713831657	-0.06373088261718836
0.004719999094353966	-0.06351461238029804
-0.00003419651251890775	-0.06295302405048554
-0.004733422785467861	-0.06205297597501953
-0.009352551992072876	-0.06082292068951681
-0.013867150929354833	-0.05927288178272996
-0.018253596484581004	-0.05741438764340329
-0.022489188126319722	-0.05526045250077289
-0.026552255610751474	-0.052825476067065294
-0.03042226391261451	-0.0501252519161857
-0.03407991126977729	-0.04717680992003135
-0.03750722496343888	-0.043998455311398524
-0.04068764702786096	-0.04060955039790061
-0.04360611859364618	-0.03703057111282783
-0.04624915027075761	-0.03328284371354388
-0.048604892144205325	-0.029388594687428687
-0.05066318635581972	-0.025370668149836347
-0.05241561776931874	-0.021252519834634918
-0.05385554818407502	-0.017058014755666345
-0.05497814556623514	-0.012811278093973555
-0.055780395788004325	-0.008536583142510686
-0.05626110848134342	-0.004258138803908466
-0.05642090730851978	-1.1930562281840158e-16