-0.09986443204191342	1.410683201565657
-0.06085772859073209	1.2841232599711307
-0.02521211588049285	1.177873258909143
0.007588131727738947	1.0871682733279677
0.03794164639069053	1.008600533552602
0.06616227491567475	0.9396707619142807
0.09250101579860556	0.8785049063415733
0.11716129997979564	0.8236713416391536
0.1403099385282035	0.7740587768091763
0.16208512087883084	0.728792018291958
0.1826023564765475	0.6871737820924098
0.20195898583106225	0.6486421932847067
0.22023765911796434	0.6127408606556262
0.23750902154867767	0.5790951129427117
0.2538338555058463	0.54739654571724
0.26926478236318074	0.5173889574423641
0.28384763912816574	0.48885884340946434
0.29762259318703477	0.46162748680158466
0.3106250614384179	0.43554512270013157
0.3228864754229047	0.41048558951241776
0.33443490969335665	0.38634314999540986
0.3452956196063022	0.36302842592447765
0.3554914855467843	0.34046661476661655
0.36504339802052227	0.31859485661796866
0.37397057555465635	0.29736042015648007
0.38229083640644695	0.27671931901050356
0.39002084107117674	0.25663531753888397
0.39717629155400314	0.23707839087015445
0.4037720976343954	0.21802383349126955
0.40982252194400176	0.19945147993165013
0.4153413007129176	0.1813452365984665
0.42034175686752817	0.1636923711820639
0.4248368771410097	0.14648246530254788
0.4288393842291088	0.12970769707146945
0.4323618020940682	0.1133619469205038
0.4354164942638898	0.09744034499127614
0.4380157046059345	0.08193944640910901
0.44017158789025895	0.06685640455178783
0.4418962233255137	0.05218893288973862
0.44320163365875803	0.037935335314478395
0.4440997920745816	0.024093833176167118
0.44460262129854045	0.010662780487010807
0.44472199782539884	-0.002359465852023469
0.44446974423793745	-0.014974965858811447
0.4438576210976415	-0.027185913221705556
0.4428973214117072	-0.038994860368807345
0.44160045599600933	-0.050404874252717766
0.4399785425859925	-0.06141931109774784
0.4380429948540703	-0.0720420433946374
0.4358051065684897	-0.08227742181829564
0.4332760403497144	-0.09213015728869361
0.43046681501646006	-0.10160547379908909
0.4273882917865	-0.11070898561806171
0.4240511642830731	-0.11944665834627217
0.4204659471654468	-0.12782485756204146
0.4166429661299259	-0.13585024754999198
0.4125923495130598	-0.14352977807998352
0.4083240200920822	-0.1508706690059616
0.4038476886404244	-0.1578803170307828
0.39917284883042575	-0.1645663033379307
0.3943087725984882	-0.1709363318504436
0.3892645068962469	-0.1769982201457449
0.38404887109971536	-0.18275983051616096
0.3786704565894564	-0.18822903914343786
0.37313762592535904	-0.19341374054585092
0.3674585133869785	-0.19832179565881836
0.36164102604369125	-0.20296099140149254
0.3556928468733069	-0.20733902137372948
0.3496214372379174	-0.21146345139844622
0.3434340412664804	-0.21534172614917643
0.3371376883707843	-0.21898118993176802
0.3307391982339786	-0.22238898174651042
0.3242451852675872	-0.22557210214756707
0.31766206468227404	-0.22853729276647541
0.31099605869468755	-0.23129114445273705
0.3042532014266412	-0.23384002006920307
0.2974393456982576	-0.23619007690112384
0.29056016846797916	-0.23834728963449509
0.2836211764760101	-0.24031741049837718
0.27662771366898714	-0.24210592731546032
0.2695849678965234	-0.24371812411282096
0.2624979767304147	-0.24515908397473296
0.2553716333446269	-0.24643368054342088
0.24821069315826527	-0.24754654208203639
0.2410197805439265	-0.24850208804696733
0.23380339455502056	-0.24930454422212986
0.22656591454731106	-0.24995794147085684
0.21931160605653696	-0.2504660970307395
0.21204462695248963	-0.25083262858216077
0.20476903276558028	-0.2510609791073145
0.197488781730289	-0.2511544176024178
0.19020773990252834	-0.2511160320892341
0.1829296863977717	-0.25094873715521493
0.17565831806304072	-0.25065529459267677
0.16839725386932272	-0.2502383152981867
0.16115003926389812	-0.2497002603352526
0.15392015043548773	-0.24904345017735346
0.1467109981262144	-0.2482700800111361
0.1395259312262544	-0.2473822221469335
0.1323682403118703	-0.2463818271903704
0.12524116102581087	-0.24527073819156672
0.11814787696973084	-0.24405070239787396
0.11109152245136727	-0.24272337346748465
0.10407518521736372	-0.24129031102667312
0.09710190891392652	-0.23975300110133332
0.09017469506876383	-0.23811286350546368
0.08329650499881823	-0.2363712514120346
0.07647026176892134	-0.23452945416468773
0.06969885168706738	-0.23258871999720682
0.06298512542137678	-0.23055025954341113
0.05633189913015289	-0.22841524131067614
0.04974195561710103	-0.22618480311238626
0.04321804487516067	-0.2238600712391148
0.036762884398293144	-0.22144216085949842
0.030379159609197206	-0.2189321692929446
0.0240695241421788	-0.21633119688324776
0.017836599520930963	-0.21364035854124397
0.011682974756689432	-0.21086078075358178
0.005611206096187772	-0.20799360020459934
-0.00037618360458469436	-0.20503998598624681
-0.006276705912621992	-0.20200114373657183
-0.012087907840015415	-0.1988783117806701
-0.017807372813063438	-0.19567276764887873
-0.02343272208470941	-0.1923858441215998
-0.02896161635689427	-0.189018929231406
-0.034391757334921086	-0.18557346479927098
-0.039720889459817735	-0.18205095872629176
-0.044946801885901014	-0.17845298766873172
-0.05006733048266851	-0.1747811983806202
-0.055080359961568	-0.17103731472058234
-0.05998382617382747	-0.1672231408345009
-0.0647757184394877	-0.1633405609236327
-0.06945408185538654	-0.15939154083489568
-0.07401701993973696	-0.15537814511849118
-0.07846269729730854	-0.15130252096596258
-0.08278934192537865	-0.14716689537830888
-0.0869952477768212	-0.14297359612977076
-0.09107877778311393	-0.13872504919146791
-0.09503836640150126	-0.13442376251904062
-0.09887252194618369	-0.13007232318544162
-0.10257982925001778	-0.1256734319851313
-0.10615895299622743	-0.12122988361049725
-0.10960863969870822	-0.11674452827803788
-0.11292771952980338	-0.11222029820327535
-0.11611510947381277	-0.10766024387842903
-0.11916981592679073	-0.103067477481029
-0.12209093626981617	-0.0984451635453071
-0.12487766062545608	-0.09379654574842884
-0.1275292746610644	-0.08912496137523294
-0.13004516135221533	-0.08443378204582055
-0.13242480189048442	-0.07972641736012061
-0.13466777740390734	-0.07500635052254132
-0.1367737705172164	-0.07027709641760035
-0.13874256626302361	-0.065542206037072
-0.1405740531510315	-0.06080526503299248
-0.14226822386554527	-0.05606987103198095
-0.1438251755953215	-0.051339638779388234
-0.14524511064747497	-0.04661820177565284
-0.1465283364616643	-0.041909174847122074
-0.1476752651850497	-0.03721617275014663
-0.14868641388594817	-0.03254281229867906
-0.14956240383177632	-0.02789266153140259
-0.15030395936465377	-0.023269270253947837
-0.15091190762110862	-0.018676172860230617
-0.1513871771152889	-0.014116823399657467
-0.1517307958506155	-0.009594643168073218
-0.15194389074366632	-0.005113022332549243
-0.15202768551936377	-0.0006752481658122453
-0.1519834983392693	0.0037154437148554584
-0.15181274052732588	0.008055870427196672
-0.15151691406033152	0.01234296427079535
-0.15109760871624248	0.016573725997363155
-0.15055650039819385	0.020745223079406273
-0.14989534817883013	0.024854651959149807
-0.149115991149761	0.028899286748639435
-0.14822034636727033	0.03287648599231391
-0.14721040554933007	0.03678373644054789
-0.14608823197005202	0.0406186137429183
-0.14485595764707485	0.04437880303344996
-0.14351578017617042	0.048062094529892345
-0.14206995951363463	0.05166639715980455
-0.14052081481666404	0.05518971268355578
-0.13887072156817443	0.058630163292954486
-0.13712210792844665	0.06198598427219355
-0.13527745172662856	0.06525551685864203
-0.1333392779014491	0.06843714949867279
-0.13131015535857998	0.07152955073037316
-0.12919268918423957	0.07453139118050942
-0.12698952479894765	0.07744136476460495
-0.1247033432587713	0.08025825241779207
-0.12233685647948554	0.08298120700447545
-0.1198928021296321	0.08560914721620572
-0.11737394650483729	0.08814139026584675
-0.11478307605601266	0.09057702869826346
-0.11212299928311632	0.09291560157677871
-0.10939654088169	0.09515635692317514
-0.10660654109503417	0.09729901130080726
-0.1037558526559509	0.09934300002387346
-0.10084733819448796	0.1012881523958937
-0.09788386854875604	0.1031341395823694
-0.09486832980505137	0.10488088481701517