-0.22189749033217565	-1.3966966398557294
-0.26213689692070224	-1.2564928176351706
-0.2984713625850315	-1.1385489656342818
-0.3314889189316419	-1.037390363878765
-0.36163787993438806	-0.9491752135982564
-0.38926720376235374	-0.8711332391845233
-0.4146534303637885	-0.8012224216947148
-0.4380192049600428	-0.7379076725465172
-0.4595463649036531	-0.6800182027165547
-0.4793854096885236	-0.6266487417863545
-0.49766248509740935	-0.5770915845943406
-0.5144846144934935	-0.5307891298359688
-0.5299437000295861	-0.4872984997566334
-0.5441196007753797	-0.4462662812144155
-0.5570825412860214	-0.4074085294131703
-0.5688949929312217	-0.3704970292884557
-0.5796131814147399	-0.3353471520222282
-0.5892882752857844	-0.30180913390677067
-0.5979673412713393	-0.26976170162921054
-0.6056941041066601	-0.2391051884835899
-0.6125095424243232	-0.20975827343089107
-0.6184523857510509	-0.1816531794096173
-0.6235594868710628	-0.15473376242308057
-0.6278661192877718	-0.12895214901089674
-0.6314062122752451	-0.10426706001106922
-0.6342125229789491	-0.08064251273240124
-0.6363167677415078	-0.05804590727704366
-0.6377497218897821	-0.036447533282403424
-0.6385412848448204	-0.015819416785855286
-0.638720521953259	0.0038654135712184318
-0.6383156983875247	0.0226328683050292
-0.6373542907708811	0.04050883854216481
-0.6358629961037504	0.0575189435472823
-0.6338677284275008	0.07368898408608443
-0.6313936183330944	0.08904484390997269
-0.6284650057172925	0.1036126427926964
-0.6251054340216665	0.11741870721381556
-0.6213376445410553	0.13048949277539493
-0.6171835739303833	0.14285148218238428
-0.6126643538315073	0.15453123794009094
-0.607800309027646	0.16555519509156846
-0.6026109659669486	0.17594956563373898
-0.5971150555441519	0.18574039241303855
-0.5913305267462513	0.19495316575458801
-0.5852745569520897	0.2036131387264835
-0.5789635672711481	0.21174482781059237
-0.5724132411210573	0.21937230182044862
-0.5656385413955136	0.22651884972595324
-0.5586537344093443	0.23320711338669725
-0.5514724086876688	0.2394589746424861
-0.544107501753782	0.24529547660371429
-0.5365713223302908	0.25073691960650374
-0.5288755756349677	0.25580274513702944
-0.5210313892361077	0.26051153677869243
-0.5130493387050363	0.2648810407420001
-0.5049394731967386	0.2689281831634035
-0.49671133969800096	0.27266907375685423
-0.48837400892767996	0.2761189720783717
-0.4799360998406093	0.2792923567913851
-0.47140580354382516	0.2822029151271613
-0.46279090685036506	0.28486358185684973
-0.4540988148439297	0.28728654696076417
-0.4453365734717311	0.289483283171631
-0.4365108895515344	0.29146462987220334
-0.4276281517743791	0.2932406932261984
-0.41869445112590126	0.29482097900795773
-0.40971559916211475	0.2962143811665131
-0.4006971456035682	0.29742923483238476
-0.39164439581109467	0.2984733193158512
-0.38256242572785143	0.29935393574564934
-0.3734560983318811	0.30007779946483354
-0.3643300803572867	0.3006511581077623
-0.35518885364741565	0.3010799150979275
-0.34603672784927497	0.30136949305979127
-0.3368778552078946	0.3015248470425646
-0.32771624217487677	0.3015506431252233
-0.31855575832386773	0.3014512006663497
-0.3094001481429491	0.3012304357859329
-0.3002530423679302	0.30089195252531564
-0.29111796550579205	0.30043912490986074
-0.2819983443098294	0.2998750091109922
-0.2728975174886611	0.29920235561052616
-0.2638187433089739	0.298423723676836
-0.2547652055044728	0.29754144635247753
-0.24574002081187843	0.296557601974514
-0.23674624614021278	0.29547406962355205
-0.2277868834803608	0.2942925771802716
-0.21886488526297196	0.2930146575807024
-0.20998316026275832	0.2916416577769292
-0.2011445783032622	0.29017480315453414
-0.19235197394489278	0.2886151830716641
-0.18360815090407026	0.286963740358463
-0.1749158859005389	0.28522131746493834
-0.16627793209887007	0.2833886147341295
-0.15769702271999167	0.28146626119331586
-0.14917587232859558	0.27945486019882104
-0.1407171789022429	0.2773548485223011
-0.13232363018452611	0.2751665314014092
-0.12399790295390083	0.2728903266911661
-0.11574266233110259	0.2705265236484417
-0.10756056562628767	0.2680754123485975
-0.09945426155783146	0.2655372198598712
-0.09142639444899552	0.2629120208324717
-0.0834796048683609	0.26020006176694593
-0.07561652388001575	0.2574016165180073
-0.06783977867823701	0.25451668894963664
-0.06015199431283255	0.2515455153487217
-0.05255578567616899	0.24848841214170383
-0.04505376193515724	0.24534545662417054
-0.03764852823418803	0.24211693632151085
-0.03034267736290425	0.23880327085069428
-0.02313879243314791	0.23540468618102944
-0.01603944829292032	0.23192159475003654
-0.009047203277788365	0.2283545797564214
-0.0021646001220700806	0.22470408717751986
0.004605833241035159	0.2209707272551345
0.01126159142644259	0.21715530176722037
0.01780019235874826	0.21325854198597674
0.024219177465778223	0.20928132673595162
0.03051611853559783	0.20522472513407003
0.036688619918401534	0.2010898103153345
0.042734320112061595	0.19687779585064472
0.04865089742131978	0.19259005972459334
0.05443607321004368	0.18822806187593133
0.06008761524360595	0.18379340858575405
0.06560334197017212	0.17928781988550876
0.07098112628298438	0.17471317303063144
0.07621890088989354	0.17007151239214113
0.08131466119673156	0.16536492363887792
0.08626646892564123	0.1605957150910692
0.09107245962709135	0.15576639731559533
0.095730844313227	0.15087943426498457
0.10023991223020455	0.14593756076290856
0.10459804042443135	0.14094376007967177
0.10880369441941845	0.13590087471071924
0.11285542947946772	0.13081204261490917
0.11675190191274813	0.1256807014806672
0.12049186917883903	0.12051005876910961
0.12407418911680848	0.11530361397324077
0.12749783244447208	0.11006521514648825
0.13076188270386435	0.10479840564652239
0.13386553314950797	0.09950698856083093
0.1368080997204792	0.09419515389958805
0.1395890211716761	0.08886673512379785
0.14220785359695606	0.08352576782351569
0.14466428304437648	0.0781766944846457
0.14695812604897412	0.07282357640768745
0.1490893220583638	0.06747060111683738
0.15105794485611743	0.06212235879709512
0.15286420353100957	0.05678306112064004
0.15450843333028558	0.051456961712599704
0.15599110515977258	0.046148685650209055
0.15731282683206352	0.04086250521836161
0.15847433304802686	0.03560265324164994
0.15947649244521028	0.03037367674118378
0.1603203088031366	0.025179811152243853
0.1610069109194651	0.020025184485158623
0.16153755694728905	0.014914160108834573
0.16191363513589094	0.009850837308395045
0.162136654308693	0.0048391613228842625
0.16220824552997193	-0.00011677997044121004
0.16213016194113372	-0.005013118013477009
0.16190427040381491	-0.009846158859491675
0.16153255079905227	-0.014612164112652365
0.16101709459195643	-0.01930757925454566
0.16036009794825984	-0.023929020664101783
0.15956385920129162	-0.028473152066121533
0.15863077591970906	-0.03293680039316638
0.1575633396378883	-0.03731693472778194
0.1563641321021436	-0.0416106552580779
0.15503582076625963	-0.045815215701473004
0.15358115491772853	-0.04992797755027217
0.15200296138104988	-0.05394648639093458
0.15030413873205825	-0.05786844972943409
0.14848765458740457	-0.06169162813865425
0.1465565413745446	-0.06541401507299416
0.1445138895148711	-0.06903375733560657
0.14236284514416248	-0.07254906988494317
0.14010660530863875	-0.07595838393602931
0.13774841319839737	-0.07926021114793878
0.13529155509218907	-0.08245323481744199
0.13273935462849265	-0.08553627277647011
0.13009517055335226	-0.08850823105913874
0.12736239155726042	-0.09136821174394723
0.12454443278583527	-0.09411537344284428
0.1216447328572265	-0.09674900572281289
0.11866675008934051	-0.09926857288643837
0.11561395600020002	-0.10167363592303061
0.11248983665956717	-0.10396376946422622
0.10929788893808864	-0.1061386522162546
0.1060416151851734	-0.1081982668347107
0.10272452068364682	-0.11014236628774883
0.09935011286637244	-0.11197115497822005
0.09592189621288211	-0.11368454560854935
0.09244337146699545	-0.1152829025812055
0.08891803272772622	-0.11676631301685976
0.08534936409694276	-0.11813528104823612
0.08174084084817881	-0.11938999975082563
0.07809592382294576	-0.12053110163436588
0.07441805809567897	-0.12155906105382763
0.07071067811865478	-0.12247448713915891