0.13708146142292593	-1.4075541456491665
0.09843258200505013	-1.2831671886350184
0.06306290393874883	-1.1786681123241147
0.030470610620936103	-1.0894340104174982
0.0002667840402340053	-1.012148550143454
-0.027855493459034944	-0.9443719028112084
-0.05414218641670674	-0.884270452185
-0.0787930222197495	-0.8304394823452713
-0.10197204220113885	-0.7817866139410293
-0.12381533252940236	-0.7374498116419435
-0.14443679274940788	-0.696740307744008
-0.163932497366589	-0.6591022523931744
-0.18238407218160807	-0.6240826197670317
-0.1998613174731197	-0.5913092612541971
-0.2164242915050812	-0.5604742995663125
-0.23212495622476914	-0.5313213990012142
-0.24700852915051955	-0.5036361655212724
-0.26111457045542513	-0.4772385966825995
-0.27447787841016213	-0.4519770923431058
-0.28712924290166686	-0.4277235738123278
-0.2990960537867063	-0.40436928670352584
-0.31040283145940345	-0.3818229399869613
-0.3210716646675762	-0.36000666676592563
-0.3311225903176988	-0.33885489617907827
-0.34057390454020037	-0.3183123812256568
-0.34944244637316696	-0.2983325745474028
-0.35774382768937285	-0.2788765423350775
-0.36549263010142874	-0.2599116003044782
-0.37270258922978544	-0.24141119036449138
-0.37938673338827233	-0.22335289266649028
-0.3855575191487414	-0.20571902239043097
-0.39122693967480154	-0.1884950704699899
-0.3964066173319415	-0.17166961517813517
-0.4011078754973975	-0.15523331191375733
-0.40534181252376095	-0.13917980879910993
-0.4091193603272296	-0.12350360841238478
-0.41245131474495716	-0.10820106070052608
-0.4153483896258086	-0.09326966440297102
-0.41782122892625523	-0.07870734433526552
-0.4198804376311302	-0.06451329074518126
-0.42153659531572046	-0.050686483458571435
-0.4228002603628357	-0.037226604711250624
-0.4236819851396439	-0.024133289710083758
-0.42419230665307583	-0.011406045216165452
-0.42434175259409185	0.0009554456717476619
-0.4241408327563776	0.01295207158772988
-0.42360003127362944	0.024584699977685386
-0.4227298016169921	0.0358547041088814
-0.4215405512326969	0.046763803818366825
-0.42004263476939174	0.05731404257251672
-0.4182463394689976	0.06750801358252731
-0.41616187371877617	0.07734861617971547
-0.4137993554281653	0.08683925651149906
-0.41116879865414035	0.09598372367175442
-0.4082801028923077	0.10478620943908801
-0.40514304124893014	0.1132512928595734
-0.4017672499758532	0.12138391156153631
-0.39816221864469953	0.12918931109006174
-0.3943372814962261	0.1366730564905949
-0.3903016085401493	0.14384097274114535
-0.38606419934234243	0.1506990979457092
-0.3816338761089949	0.15725370832039087
-0.3770192789687052	0.16351117899280698
-0.37222886192416493	0.16947808888551966
-0.36727088833650356	0.17516106795826442
-0.36215343044411297	0.18056681417853107
-0.35688436618031516	0.18570210099956408
-0.3514713787202419	0.19057370210416985
-0.34592195675390364	0.19518836672594644
-0.3402433952252836	0.19955277594962445
-0.33444279869526133	0.20367354078085498
-0.328527080408192	0.20755729965486255
-0.32250296544710694	0.21121052843048524
-0.3163769933604565	0.21463960084291156
-0.31015552359766935	0.21785071013688717
-0.3038447382921973	0.22084994053100174
-0.2974506479849934	0.22364317796112437
-0.29097909468813576	0.2262362536628333
-0.2844357543303331	0.22863483864524958
-0.2778261443971745	0.23084429809263562
-0.2711556300913322	0.2328698671414013
-0.26442942763690963	0.23471666682414954
-0.25765260843580545	0.23638961370515035
-0.25083010641299286	0.237893371321289
-0.24396672350328802	0.23923245661812542
-0.23706713375283733	0.24041124147963128
-0.2301358882369257	0.24143388630232518
-0.22317742153806283	0.24230434634075293
-0.21619605666458533	0.2430264232533587
-0.20919600949198827	0.24360376144348958
-0.20218139370964722	0.24403981477243342
-0.1951562262358427	0.24433786610971253
-0.18812443166413523	0.24450105110057233
-0.18108984651730292	0.24453235531056366
-0.17405622376537686	0.24443460202190448
-0.1670272372391644	0.24421047377804816
-0.16000648551529012	0.2438625196315952
-0.1529974957668626	0.24339315453031815
-0.14600372756003738	0.2428046664365785
-0.1390285763063438	0.242099227803041
-0.13207537658957455	0.24127889506231842
-0.1251474054218941	0.24034561767687124
-0.11824788506068985	0.23930125291491913
-0.11137998571786954	0.238147561277541
-0.10454682833369128	0.23688621028798082
-0.09775148688749467	0.23551880056179106
-0.09099699031326722	0.23404686025735943
-0.08428632471702487	0.23247183944453878
-0.07762243534696997	0.23079513596942727
-0.0710082277527063	0.22901810775616907
-0.06444656924639372	0.2271420544744037
-0.05794029049208062	0.2251682305796786
-0.0514921862489582	0.22309787804648415
-0.04510501595075374	0.22093220830366334
-0.0387815046511973	0.2186724031876673
-0.03252434347683224	0.21631964122831393
-0.02633618978349801	0.21387509261637475
-0.020219667205666175	0.21133993278276514
-0.014177365450178944	0.2087153441976716
-0.008211840194367251	0.2060025120563037
-0.002325612680843959	0.2032026482607045
0.003478831169402504	0.20031699527944252
0.009199041474326325	0.19734681585848948
0.014832605158526267	0.1942934097814935
0.020377147196681735	0.1911581225884667
0.025830331934648586	0.187942345933708
0.03118986440781149	0.18464751740415603
0.03645349179593054	0.18127513175692356
0.04161900519030402	0.1778267470662642
0.04668424138117486	0.1743039814161398
0.05164708466786386	0.17070852351524143
0.05650546902630656	0.16704213589063985
0.06125738010225154	0.16330664819056473
0.06590085720542484	0.15950396486870674
0.07043399572847187	0.15563607998608794
0.07485494958070565	0.15170506639359782
0.0791619334056007	0.147713073118141
0.0833532247112907	0.14366232527070316
0.08742716667876338	0.13955516470009346
0.09138217100418136	0.1353940050317105
0.09521671964204148	0.13118131806499264
0.09892936689791587	0.12691967353163214
0.10251874267126924	0.1226117472305628
0.10598355481970857	0.11826028190695652
0.10932259104511668	0.11386808554516463
0.11253472094250741	0.10943805166932427
0.11561889886339852	0.10497317111950617
0.11857416599353529	0.10047648700248735
0.12139965176967203	0.09595109391606008
0.12409457579294399	0.09140017035950912
0.12665825011515658	0.08682695711695013
0.1290900806341298	0.08223473786094589
0.13138956835283958	0.07762684253369315
0.13355631086351044	0.07300665411262026
0.13559000356446918	0.06837758763981154
0.1374904405748909	0.0637430921307418
0.13925751567158898	0.05910664211963015
0.14089122268410392	0.05447172097281086
0.14239165600541917	0.04984183775278325
0.1437590111729886	0.045220506714892035
0.14499358448196317	0.04061122217194388
0.14609577284963032	0.036017487676289095
0.1470660740442464	0.03144280142793757
0.14790508559741483	0.02689060205636282
0.14861350380225793	0.022364325247306686
0.14919212374542218	0.017867390597090454
0.14964183771643494	0.01340313739407137
0.14996363349935352	0.008974870691858747
0.1501585935327735	0.004585861007299904
0.15022789321942323	0.00023929512259774624
0.15017279861711602	-0.00406170421017936
0.14999466494703895	-0.00831406141595942
0.14969493472427603	-0.012514798543048314
0.1492751345417769	-0.016661030994303452
0.14873687350636416	-0.020749909277529177
0.14808184124253218	-0.02477870402164737
0.14731180413114167	-0.028744788309836258
0.14642860338971608	-0.03264559541917019
0.1454341523129337	-0.036478683065590455
0.14433043311404686	-0.04024169784098569
0.14311949432241855	-0.043932387346271334
0.141803447785768	-0.04754859916524258
0.1403844657650456	-0.051088287464320675
0.13886477788170773	-0.05454951251267031
0.13724666788543557	-0.05793044492161499
0.1355324716743474	-0.06122927129229478
0.13372457403864532	-0.06444450328685486
0.13182540037258716	-0.06757462491713709
0.12983742192573045	-0.07061813349302452
0.12776315076497763	-0.07357359707975478
0.125605136339376	-0.07643995899815909
0.12336595722207673	-0.07921603966710265
0.12104822700023385	-0.08190085822226532
0.11865458406054918	-0.08449339965765809
0.11618769501957624	-0.08699295294831326
0.11365024702228711	-0.08939861790762814
0.11104494901368743	-0.09170990045504826
0.10837452665927226	-0.09392607633125144
0.10564172120333522	-0.09604678219084531
0.10284928716293763	-0.09807150285028596
0.1	-0.10000000000000002