1.0200279181638998	-0.9795626810807967
0.9952828174905278	-0.9218489278292178
0.9719435845201773	-0.871387582929465
0.949837490344459	-0.826984076276162
0.9288195839944378	-0.7876881157466072
0.9087671473527628	-0.7527346521314725
0.8895754651566647	-0.7215000028910133
0.8711545629903467	-0.693471570233955
0.8534266428789792	-0.668223630479606
0.8363240587915937	-0.6453999918607725
0.8197876857536994	-0.6247001758617704
0.8037656205272057	-0.6058691243928469
0.788212098126849	-0.5886888806962004
0.7730866160582242	-0.5729723736181754
0.7583532072566902	-0.5585580250134492
0.7439798224646016	-0.5453056370860344
0.7299378286758197	-0.5330925916839279
0.7162015753277219	-0.521812272462742
0.70274802413859	-0.5113702531535569
0.689556437476776	-0.5016838704131538
0.6766081143937911	-0.4926794876477742
0.6638861526169392	-0.484292154417152
0.6513752510848381	-0.4764637992492583
0.6390615400192372	-0.4691423848616373
0.626932429109542	-0.46228178869359027
0.614976467627697	-0.4558401918028486
0.6031832398052378	-0.4497802281295388
0.5915432509678628	-0.4440680765942322
0.5800478491720162	-0.4386731292950852
0.5686891360374083	-0.43356785457549313
0.5574598986100027	-0.42872714706406123
0.5463535483132549	-0.42412815728344533
0.5353640663848188	-0.4197499248053682
0.5244859519727884	-0.41557368377554976
0.5137141721214546	-0.41158204851620067
0.5030441315673516	-0.4077589713390707
0.49247162938538985	-0.4040901229836942
0.48199282685562816	-0.40056192396735396
0.471604224655315	-0.39716203361729246
0.46130262896770785	-0.39387917172239995
0.45108512995465766	-0.3907028810320466
0.44094908028024554	-0.38762339953757324
0.43089207690989173	-0.3846317505999697
0.4209119435640876	-0.38171947361442643
0.41100671494699387	-0.37887887167225437
0.40117461678091465	-0.37610288372264566
0.3914140562767519	-0.37338464785196185
0.3817236127678431	-0.3707178493113072
0.37210202227602607	-0.3680967486880462
0.3625481665802488	-0.365515828489926
0.35306106819810956	-0.362969859386139
0.34363988007363866	-0.3604540544588346
0.3342838752302068	-0.35796392484548534
0.32499244227429314	-0.35549510818361774
0.3157650795142175	-0.3530435578149978
0.3066013864405811	-0.35060553161683006
0.2975010584190624	-0.3481773840161378
0.2884638837805159	-0.3457556548599981
0.2794897375819681	-0.34333714132070403
0.2705785761181968	-0.34091877465393655
0.26173043450058997	-0.3384975946051654
0.2529454226913556	-0.33607081184865095
0.24422372117925328	-0.3336357944082167
0.23556557793004124	-0.33118997855530824
0.2269713065028087	-0.3287309104844904
0.2184412822931847	-0.3262562958297507
0.20997593881751428	-0.32376394301286227
0.20157576646799366	-0.3212516863443988
0.19324131065462352	-0.3187174742700872
0.1849731685989295	-0.31615937882549155
0.17677198666583635	-0.3135755349622298
0.1686384595504411	-0.31096411066565627
0.16057332838172486	-0.3083233760008008
0.15257737797978815	-0.30565170164538913
0.14465143500250377	-0.3029474933497294
0.1367963670430044	-0.30020921377527426
0.12901308066647085	-0.29743540691291614
0.12130251933852285	-0.2946246927252729
0.11366566188330063	-0.29177573016275893
0.1061035214213258	-0.28888723548400586
0.09861714344989997	-0.285958006587751
0.09120760385751875	-0.2829869038924453
0.08387600770821091	-0.27997283335626877
0.07662348761747032	-0.276914771208984
0.06945120208389016	-0.27381175360068705
0.06236033395571763	-0.27066287559030033
0.05535208869179781	-0.26746730734965896
0.04842769252743886	-0.2642242803337722
0.04158839100226738	-0.26093307961252393
0.03483544755252779	-0.25759305516357195
0.028170141074410224	-0.2542036657129749
0.021593763795233416	-0.25076442305025703
0.015107620088789086	-0.24727488267842193
0.008713025253849361	-0.24373466008535555
0.002411302800999448	-0.24014351365353057
-0.003796218580088776	-0.23650127213460867
-0.009908206238739467	-0.23280780262559986
-0.015923324589918065	-0.229063018104235
-0.02184023745194695	-0.2252669809618169
-0.02765761211914681	-0.22141986997648724
-0.03337412104350648	-0.2175219011238702
-0.038988442769382195	-0.21357332737787593
-0.04449926365075149	-0.20957452488081255
-0.049905282380531206	-0.20552604221807452
-0.055205212660584486	-0.20142847546710504
-0.06039778418476964	-0.19728245651994894
-0.06548174388505985	-0.19308869961576028
-0.0704558599949968	-0.18884812361676448
-0.07531892592684533	-0.1845617236022006
-0.08006976151390749	-0.18023053326953964
-0.08470721409457399	-0.1758556412310799
-0.08923016153600573	-0.17143832247084942
-0.09363751684109646	-0.1669799716355419
-0.09792822992061694	-0.1624820275447934
-0.10210128873661707	-0.1579459755845503
-0.10615572138491547	-0.15337343767404857
-0.11009060045118599	-0.1487661846122057
-0.11390504539333095	-0.14412604131309092
-0.11759822384865071	-0.13945488240123793
-0.12116935323117009	-0.13475467228664537
-0.12461770409505239	-0.13002751690201075
-0.1279426027361812	-0.12527558465477912
-0.13114343264757414	-0.1205010991003664
-0.1342196360201958	-0.11570635033947328
-0.1371707160738802	-0.11089373179112381
-0.13999623912700493	-0.10606569104619239
-0.14269583599401955	-0.10122473400818177
-0.14526920354158568	-0.09637342798067769
-0.14771610641067923	-0.09151440547338502
-0.15003637810096734	-0.08665031934342822
-0.15222992179664535	-0.0817838723588253
-0.15429671183386617	-0.07691782526506633
-0.15623679521167902	-0.07205499097018007
-0.15805029191750442	-0.0671981506742455
-0.15973739442768037	-0.06235010525800719
-0.16129836889857455	-0.057513711466051706
-0.16273355658624206	-0.052691873256501986
-0.16404337388916196	-0.04788743496230075
-0.16522831052369924	-0.04310320551526137
-0.1662889298328464	-0.03834203068730311
-0.16722586977975035	-0.03360679408284088
-0.16803984327122906	-0.02890033586939475
-0.16873163537720345	-0.02422537694082642
-0.16930210210569926	-0.01958465377353384
-0.16975217115064825	-0.014980934386313184
-0.17008284216395514	-0.010416945573502336
-0.17029518381903694	-0.0058952772397026934
-0.1703903319646706	-0.001418504342462648
-0.17036948936796428	0.0030108113106382343
-0.17023392473620264	0.007390188088849566
-0.16998496989362738	0.01171724517387447
-0.16962401824461185	0.015989631673365173
-0.16915252400607966	0.02020503784388121
-0.16857200005106035	0.024361276989691233
-0.16788401507726042	0.02845623545725873
-0.1670901922897841	0.03248784167666009
-0.16619220800333676	0.03645410411921529
-0.16519178866532963	0.04035315670387229
-0.16409070849694302	0.04418319098450617
-0.16289078818971658	0.04794244996620493
-0.1615938928571005	0.05162929538966085
-0.1602019286687039	0.05524219512397688
-0.15871684109921874	0.05877966160843692
-0.15714061374052501	0.06224026642568291
-0.15547526533196301	0.06562274697856944
-0.15372284634803995	0.06892590487178135
-0.1518854383148666	0.07214856154565841
-0.1499651519172551	0.07528967158854245
-0.14796412412340626	0.07834824533259575
-0.14588451656515072	0.08132339149098013
-0.14372851254907382	0.08421433105342085
-0.14149831528156614	0.08702029813303679
-0.1391961472362632	0.08974060882670531
-0.13682424665879675	0.09237472370646332
-0.1343848656918079	0.0949220944210842
-0.1318802701833682	0.09738224924463067
-0.12931273628608753	0.09975485654577959
-0.12668454870988635	0.10203956844635127
-0.12399800078223806	0.1042361052869446
-0.12125539119808687	0.1063443198350766
-0.1184590224723576	0.10836405143574845
-0.11561120076463953	0.11029520286736139
-0.11271423360433061	0.11213774628683285
-0.10977042878683448	0.11389172528406563
-0.10678209135568854	0.11555725386427518
-0.10375152461869405	0.11713438995514504
-0.10068102861403669	0.11862329128101176
-0.09757289993036457	0.12002411424440275
-0.09442942811940386	0.12133722646367792
-0.09125289473773074	0.12256281008898541
-0.08804557586163568	0.12370123070989959
-0.08480973618938388	0.12475284263859097
-0.08154763325314614	0.1257179924821469
-0.07826151193653233	0.12659717329081946
-0.07495360745159382	0.12739073677151663
-0.07162614137103672	0.12809930905519182
-0.06828132386571388	0.1287231697913812
-0.06492135251803446	0.12926302205163925
-0.06154840835634476	0.1297194069708332
-0.058164658117802207	0.1300928705092394
-0.054772255750516585	0.130384048104053