-0.7745966692414832	-1.1832159566199234
-0.850726439664856	-0.8775902276892151
-0.9072819018062521	-0.6503759995679292
-0.9488054990650362	-0.4706707178298234
-0.9782208212778436	-0.3236040833270834
-0.9976366579100603	-0.20126333306831298
-1.0087066575639272	-0.09894192935990012
-1.012797083549051	-0.01344613080922111
-1.0110666388279903	0.0576866875713509
-1.004506206178628	0.11653457928808811
-0.9939615006107043	0.16492928441904464
-0.9801493762105565	0.20450171090859476
-0.963672283503957	0.23669272836189068
-0.9450322946387612	0.2627567523317114
-0.92464477569471	0.2837684659864291
-0.9028513660772322	0.30063478956154815
-0.8799318812973062	0.31411135596198325
-0.8561149029553068	0.324821047415862
-0.8315869623173728	0.3332728963244758
-0.8065003434743915	0.33988008421228416
-0.7809796072818469	0.34497617753190496
-0.7551269816772054	0.34882929684424124
-0.7290267758191947	0.3516541742631603
-0.7027489707646124	0.35362222812065613
-0.6763521276573508	0.35486984451253606
-0.6498857371928346	0.3555051338807588
-0.6233921164844838	0.35561338123317626
-0.59690793878447	0.3552614495369312
-0.5704654709263233	0.35450128815185794
-0.5440935755607977	0.35337274594200335
-0.517818526217425	0.35190581030607865
-0.49166467285497467	0.3501223953770376
-0.46565498831233887	0.34803776689879723
-0.43981151930302637	0.34566169115479256
-0.4141557622985261	0.3429993098419482
-0.3887089762864002	0.34005195453509107
-0.36349244698079186	0.3368176828690163
-0.33852771013161304	0.33329179937285475
-0.31383674056412375	0.329467272053667
-0.2894421121543927	0.3253351081260672
-0.26536713226738834	0.32088466333637233
-0.24163595333326185	0.31610395141001685
-0.21827366163517306	0.31097993277846525
-0.19530634511631306	0.3054988079008348
-0.17276113861737974	0.2996463175181139
-0.1506662475037254	0.2934080642518225
-0.12905094392787872	0.2867698365332699
-0.10794553902140729	0.2797180263653135
-0.08738132595532574	0.27223997862655325
-0.06739049028866512	0.26432442619330193
-0.04800598874940584	0.2559620275340267
-0.029261392073113117	0.2471457562527754
-0.011190688760069425	0.2378714641639258
0.006171946388036206	0.2281384086343344
0.022792424528932625	0.21794971869877391
0.038637051422284296	0.20731294228310226
0.053672870823674675	0.19624042180748255
0.06786804094984471	0.18474973899535357
0.08119223412325387	0.17286405410802744
0.09361705636033499	0.16061217235259861
0.10511648034364873	0.1480286917299289
0.11566727210687755	0.13515405254287782
0.12524940945459553	0.1220340793740582
0.13384648225846038	0.1087196497013829
0.14144605009634417	0.09526640126909931
0.14803995516967156	0.08173362923088091
0.15362458169620874	0.06818374829943323
0.1582010495077253	0.05468125825478509
0.16177532955503188	0.04129177123455238
0.1643582887998957	0.028080934498774135
0.1659656558611851	0.01511341218233827
0.1666179101202824	0.002451924563517354
0.16634010081229864	-0.009843705055364676
0.16516160262192234	-0.021717341562774044
0.16311581591841331	-0.033117163122891695
0.16023982224404681	-0.043996190616565733
0.15657400859381027	-0.054312715315223206
0.15216167106255366	-0.06403042644661672
0.1470486083339749	-0.0731185119343044
0.14128270932828613	-0.08155146352841511
0.1349135656473521	-0.08930916440745491
0.12799208894272507	-0.09637630282306464
0.12057015236582504	-0.1027421803941837
0.11270026655359283	-0.1084003876656062
0.10443527880136692	-0.11334824346310997
0.0958281046345527	-0.1175864929955555
0.08693149122871134	-0.12111887053389989
0.07779780640605821	-0.12395173569377096
0.06847885656217964	-0.12609378779854855
0.05902572539672898	-0.1275556830126971
0.04948863125538145	-0.1283499012398392
0.0399168031558715	-0.12849056545551654
0.03035836468514486	-0.12799320821025753
0.020860225878844955	-0.12687476465773018
0.011467986396979567	-0.12515361994520854
0.0022258271691213555	-0.12284937034005741
-0.006823587473529782	-0.11998315581392453
-0.015639214683034433	-0.11657743074305126
-0.02418174606321789	-0.11265622852928393
-0.032413719198925196	-0.10824514775785947
-0.040299640650724326	-0.10337142565800758
-0.04780610913760216	-0.09806400817121191
-0.05490194616935122	-0.09235359461642441
-0.061558323746399364	-0.08627264201932289
-0.0677488976695597	-0.07985528529256407
-0.07344993115731588	-0.07313742088147601
-0.07864041609248464	-0.06615639398991119
-0.08330218662777379	-0.058951043422369745
-0.08742001300890745	-0.051561434424381526
-0.09098168893850947	-0.04402852964670374
-0.09397809347160653	-0.036394154329593136
-0.0964032332060026	-0.028700455382645325
-0.09825426555946212	-0.020989716472934523
-0.0995314904174464	-0.013304024223022364
-0.10023832287080331	-0.005684836613909265
-0.10038123685518652	0.0018272538469487048
-0.09996968517310031	0.009192922806088816
-0.09901599568809748	0.01637435551768713
-0.09753524556510927	0.023335610888359677
-0.09554511745926908	0.03004275856555687
-0.09306573474270419	0.03646416384606793
-0.09011948950010919	0.042570675140217576
-0.08673085297616083	0.048335595481830904
-0.08292618148290212	0.05373500294581288
-0.0787335198214961	0.05874759451486198
-0.07418239603204675	0.06335474072977716
-0.06930362317434635	0.0675406567483189
-0.06412909900124068	0.07129196409624892
-0.058691612931959916	0.07459807314648151
-0.053024657650341034	0.07745074379813113
-0.047162243360487466	0.079844229423846
-0.041138726024377244	0.08177504877024087
-0.03498863547949557	0.08324195537239348
-0.028746515511405304	0.08424582380005706
-0.022446767725082695	0.08478958150149392
-0.016123503158180404	0.08487808758120503
-0.009810397929912285	0.08451813916942605
-0.003540555819823729	0.08371831658535082
0.0026536279756801157	0.08248902057292622
0.008740596388207846	0.08084237125349526
0.014689758959312254	0.07879217263143826
0.020471616288446917	0.07635390789921202
0.026057882406549233	0.07354466443417192
0.031421604078614856	0.07038312049222574
0.03653727678934583	0.06688948002346327
0.04138095748446088	0.06308544183201731
0.04593037195996408	0.05899410890760508
0.05016501852244236	0.05463991917783781
0.054066263090388214	0.050048578256457914
0.05761742828204777	0.04524687975736535
0.0608038738576324	0.04026266782548276
0.06361306432189913	0.03512462371517966
0.06603462944095409	0.02986210991533156
0.06806040791272926	0.02450506153497005
0.06968448022150034	0.01908369187765285
0.07090318688738914	0.013628395378366086
0.07171512988683382	0.008169486697413552
0.07212116168895104	0.0027370028113285942
0.07212435641812671	-0.0026394780692700426
0.07172996768124093	-0.007931062318027001
0.07094537070576903	-0.013109712445993413
0.06977999197214564	-0.018148456949396867
0.06824522333985293	-0.023021490260288054
0.06635432878785513	-0.02770444198652452
0.06412233545904426	-0.03217431274249921
0.06156592139021402	-0.036409850632087806
0.05870329095763374	-0.040391319564717386
0.05555404667703697	-0.04410093350804593
0.0521390571755526	-0.04752252921306766
0.048480317869304616	-0.05064196805417928
0.044600816528102244	-0.05344683274271913
0.04052438846251462	-0.05592669459431793
0.03627558283382173	-0.058072916594390754
0.03187951798919526	-0.059878758322515664
0.027361749665826433	-0.06133929974689521
0.02274813048143023	-0.06245141373127328
0.01806468125232874	-0.06321376269852055
0.01333745698251402	-0.06362672158921186
0.008592421257671913	-0.06369238749720922
0.0038553196062996614	-0.06341449687079531
-0.0008484418253127309	-0.06279842377585587
-0.00549391620180616	-0.06185111540553507
-0.01005673228811948	-0.060581069309222524
-0.014513207834680285	-0.05899827717354106
-0.018840460046010872	-0.05711419777446687
-0.023016511974026207	-0.05494168653834616
-0.02702039645179776	-0.05249497455135736
-0.030832253915429042	-0.04978957202266717
-0.03443342866250853	-0.046842245946587854
-0.037806555878833845	-0.043670907873921284
-0.0409356482669613	-0.040294561792828594
-0.043806169781199125	-0.03673320268830257
-0.04640510979859873	-0.03300770614201697
-0.048721041371796156	-0.029139744724028693
-0.050744178060531636	-0.0251516233387361
-0.05246641703963915	-0.021066232449731968
-0.05388137450619629	-0.016906800376334134
-0.05498441030155731	-0.012696868531505662
-0.055772641019495556	-0.00846005485948868
-0.05624494423378165	-0.0042199607453446576
-0.05640194901666606	8.146162730123435e-15