-1.3038404810405297	-0.5477225575051664
-1.3373648908181368	-0.3312578118422221
-1.356192336011004	-0.16407286410064148
-1.363628938611226	-0.03427200601746277
-1.3622304266977519	0.06621224059920953
-1.3540106847547497	0.14354673672930066
-1.340556963246753	0.202695466117625
-1.3231108451626528	0.2476883031554608
-1.3026344428416787	0.2817632585499391
-1.2798669765465975	0.3074815606851161
-1.2553726656110664	0.32683870656527153
-1.2295802322233804	0.3413700689421794
-1.2028146486881794	0.35224562267220905
-1.1753220908512374	0.3603511759646508
-1.1472892374384371	0.36635372844859304
-1.1188580090928368	0.370754687402213
-1.0901367260722026	0.37393007067065387
-1.0612085159752704	0.37616166577756766
-1.0321376215801112	0.3776608358726232
-1.002974132353893	0.3785857588001443
-0.9737575341444645	0.3790551904221372
-0.9445193629253861	0.3791579531212908
-0.9152852152403816	0.37896034519929755
-0.8860762582195558	0.3785116805293327
-0.856910378146986	0.37784834182946
-0.8278030530871968	0.37699682522149464
-0.798768024667493	0.37597599564839845
-0.769817816711337	0.3747988079750532
-0.7409641415359122	0.37347354985554826
-0.7122182196908958	0.37200481149893444
-0.6835910367103745	0.3703941948222861
-0.6550935536903352	0.36864082230550366
-0.6267368806779464	0.36674175747093657
-0.5985324241670923	0.36469229106298273
-0.5704920152239487	0.3624861517868156
-0.5426280224181711	0.36011569625659545
-0.5149534548388712	0.3575719751663125
-0.4874820569571903	0.3548448738992066
-0.46022839710447744	0.3519231538111973
-0.4332079516059971	0.3487945126954713
-0.40643718532808193	0.34544562432833537
-0.37993362838121914	0.3418621941520858
-0.35371594935164796	0.33802900093539867
-0.32780402401669123	0.3339299738858438
-0.3022190006961405	0.32954819236495214
-0.2769833539527715	0.32486616135111995
-0.2521209450311989	0.31986558951207106
-0.2276570420305561	0.3145279656633564
-0.203618378859718	0.3088343408776455
-0.18003312998470128	0.3027658172086906
-0.15693092568932704	0.2963038349292989
-0.134342822708011	0.28943017486403094
-0.11230124127399052	0.2821274499818903
-0.09083988424999236	0.2743798528155169
-0.06999362790430808	0.2661732524819605
-0.04979835307924736	0.25749548747069606
-0.030290751538360375	0.24833754547795592
-0.011508098841246348	0.2386939493600097
0.006512040080044541	0.2285625786928334
0.023732146539351767	0.2179465957183911
0.04011511730898156	0.20685387944637
0.05562467765314186	0.1952981704944329
0.07022584298826001	0.18329924947598106
0.08388540190658114	0.17088333280608595
0.09657242381071339	0.15808333373522251
0.10825877479880666	0.14493889058292572
0.11891963121229134	0.13149621955399984
0.12853397631398156	0.11780775167379991
0.13708506437484844	0.10393164798435503
0.14456083583092713	0.08993112937756181
0.15095426987098434	0.0758735567532136
0.15626366265947494	0.06182935231552696
0.16049282112742566	0.04787081560421833
0.16365116495008863	0.0340708970718309
0.16575373240114266	0.02050204049568178
0.16682108951821856	0.0072350207943070646
0.16687914961490752	-0.005662307172688297
0.1659589112000519	-0.018126037274210076
0.16409612379116684	-0.03009704670662474
0.16133089407918572	-0.041521634944337305
0.15770724677342193	-0.052351977079205844
0.15327265558510517	-0.06254642307378014
0.14807756012004597	-0.07206966764223458
0.14217488154842525	-0.08089266787029005
0.1356195480973125	-0.08899240784226711
0.12846804053045463	-0.09635156436469787
0.1207779658434437	-0.10295812686413032
0.11260766530434146	-0.10880497788104491
0.10401585923702969	-0.11388937091230263
0.09506132904794033	-0.11821242118051217
0.08580263618848774	-0.12177863377220693
0.07629787619657509	-0.12459547922716821
0.06660446465197073	-0.1266730275327909
0.05677895098518923	-0.1280236396560153
0.04687685454993297	-0.1286616721515661
0.03695251912935196	-0.12860324460634526
0.027058976973800133	-0.12786611626508265
0.01724783401275702	-0.1264697001562683
0.007569136048908899	-0.12443488596238
-0.0019287433582000826	-0.12178418077995956
-0.011199226008040589	-0.1185416905368427
-0.020197656784384305	-0.11473318657578752
-0.028881436877795763	-0.11038622393973142
-0.03721016324962844	-0.10553021861272706
-0.04514577504187347	-0.10019650479028501
-0.052652705044718445	-0.09441842253413352
-0.05969803334083844	-0.08823131678347734
-0.06625164444821922	-0.08167250826740775
-0.07228637695853275	-0.0747813257916185
-0.07777816996428547	-0.06759883735537285
-0.08270620064079709	-0.060167834080310394
-0.0870530006427728	-0.052532589222239745
-0.09080456130158045	-0.04473845398856911
-0.093950413189819	-0.036831763498747526
-0.09648367711407255	-0.028859333671107445
-0.09840109357177397	-0.020868075942688073
-0.09970301584489895	-0.012904720563949628
-0.10039337465090156	-0.005015279041256786
-0.10047961221204503	0.00275529059545738
-0.09997258334182055	0.010363488927931671
-0.09888643042809947	0.017767635193928148
-0.09723842888977101	0.02492816840070434
-0.095048811933608	0.03180801293899279
-0.09234057437669739	0.038372686652678636
-0.08913925740549047	0.04459057782859422
-0.08547272685291188	0.05043310642275912
-0.0813709389387906	0.05587465519721951
-0.07686569654143745	0.06089283411043941
-0.07199041953629876	0.06546828111336774
-0.0667798967534275	0.06958467180058447
-0.06127005913762393	0.07322880802364252
-0.055497747245049606	0.07639024710821847
-0.04950049171088149	0.07906149162857319
-0.04331630165899189	0.08123766579174642
-0.03698345854823912	0.08291651426316315
-0.030540322930360724	0.08409824927247131
-0.024025146097204738	0.08478546837308054
-0.017475891714136695	0.08498302271453581
-0.010930062671416768	0.08469798242811469
-0.004424535991932688	0.08393952334751902
0.0020045990424664324	0.08271886479236423
0.00832219633218326	0.08104924773114973
0.014494205176510077	0.07894584284340038
0.020487819665030098	0.07642573647442404
0.026271623251989288	0.0735078794288104
0.03181573113991483	0.07021303171075596
0.03709192786140867	0.06656372231239592
0.042073800995647774	0.06258416196109697
0.046736868947844235	0.05830020161054761
0.05105870160774702	0.05373919348148522
0.05501903448110291	0.048929895506415966
0.058599870888673945	0.04390236528076925
0.0617855744457278	0.03868773344882105
0.06456294915503114	0.033318092381581815
0.06692130257883745	0.027826285146279307
0.06885249601811858	0.022245643054251443
0.07035097633825904	0.01660983417165336
0.07141378896930956	0.01095257431470985
0.07204057441427045	0.005307385226020771
0.07223354404231519	-0.00029261874615518334
0.07199743811104813	-0.005814999879736878
0.07133946546129152	-0.011228215379496045
0.07026922514392402	-0.01650186850658142
0.06879861195204098	-0.021606824604302615
0.0669417078573509	-0.02651554336996293
0.06471465979798992	-0.03120204446594169
0.06213554322978014	-0.03564226669276979
0.059224222876342957	-0.03981397418097645
0.056002194943168576	-0.043696988283057424
0.052492436511421714	-0.047273217534270114
0.04871923662676295	-0.050526619741073316
0.04470803754773823	-0.05344341488274522
0.040485265167547205	-0.056011833231522104
0.03607816390449079	-0.05822241064674806
0.031514632951750894	-0.06006766344919405
0.026823060949786925	-0.06154232363385067
0.022032167808712994	-0.06264311974840263
0.017170843645040627	-0.06336884744467787
0.012267996967408563	-0.06372027150651884
0.007352400840358072	-0.0637001012013508
0.0024525464129226764	-0.06331294924591552
-0.002403502583798729	-0.0625652706965837
-0.007188250249376591	-0.06146533255297475
-0.011874906037919294	-0.06002315195629994
-0.01643751837034561	-0.058250459401181606
-0.020851103807270725	-0.05616062770496483
-0.025091772913062072	-0.053768635346495834
-0.02913684959513625	-0.051090978628628
-0.03296498791459079	-0.0481456156063545
-0.03655627908998595	-0.04495188468557961
-0.039892356821722194	-0.04153039087271214
-0.0429564893518641	-0.03790293574129816
-0.04573366771458212	-0.03409236401720393
-0.04821068326795409	-0.03012248567095698
-0.05037619346209993	-0.02601789342424016
-0.0522207791879999	-0.021803821079685162
-0.05373698795084568	-0.01750602372200205
-0.054919365637590964	-0.013150552369136264
-0.055764475562051316	-0.008763626808277957
-0.05627090266775122	-0.004371446140821378
-0.05643924573004072	1.0160586571347003e-13