-1.140175425099138	-0.8366600265340755
-1.19343791415925	-0.5691857007861183
-1.2287871418572789	-0.3638823426766908
-1.2501919819295768	-0.20226915454565647
-1.2605684427932262	-0.07408144280220504
-1.2621987821857865	0.02745902572258072
-1.2569170022000322	0.10747874874925699
-1.2462041672884743	0.17014932430636315
-1.2312500279970233	0.2189439137497855
-1.2130018910511784	0.2567434344774849
-1.1922072463892581	0.28590420130504013
-1.1694513990244835	0.3083231865627752
-1.1451900132234845	0.3255057531188803
-1.119776477424738	0.33863255543143944
-1.0934843268018557	0.3486213093137601
-1.0665252333467683	0.35618068100990774
-1.039063212643724	0.3618553295315133
-1.0112257087988112	0.36606261750427144
-0.9831121708759412	0.3691217303687621
-0.9548006529593461	0.3712764467084417
-0.9263528745011144	0.37271280191870876
-0.8978180946638086	0.3735726464303688
-0.8692360779089827	0.3739639852353517
-0.8406393665132715	0.3739688605132384
-0.8120550257820254	0.3736493551726068
-0.7835059889538754	0.3730521227135722
-0.7550120972534939	0.3722118822727577
-0.7265909095527671	0.3711539997632144
-0.6982583366382868	0.36989650373014343
-0.6700291418031288	0.3684515974001761
-0.6419173405089373	0.36682680873478546
-0.6139365224142133	0.3650258713655947
-0.5861001148038549	0.36304939141812625
-0.5584216022786624	0.36089535467265355
-0.5309147100630689	0.35855951704906835
-0.5035935630535796	0.3560357184742124
-0.47647282488779624	0.3533160701973342
-0.4495678208526794	0.35039117151942595
-0.422894648755523	0.34725023881157
-0.39647028000174567	0.34388122357281986
-0.3703126524652341	0.3402709137420591
-0.34444075518585354	0.33640504063980653
-0.3188747065545616	0.33226834586943726
-0.2936358245964978	0.3278447365268362
-0.2687466882630803	0.3231173490463967
-0.24423118871272925	0.3180687243826444
-0.2201145700163801	0.31268098341531736
-0.19642345583208512	0.30693597460506045
-0.17318585815785434	0.3008155347759008
-0.15043116882417212	0.29430179657456335
-0.12819012829411128	0.2873774475613998
-0.10649476607787554	0.28002610634548486
-0.08537831393785221	0.2722327705302113
-0.0648750857502839	0.26398425820373983
-0.04502031923764856	0.2552696637899603
-0.025849978759456636	0.24608094832432356
-0.007400517108148791	0.2364134928001015
0.010291407230417505	0.22626663550691534
0.027189256324573457	0.21564426953669527
0.043256980306086226	0.20455537611603677
0.058459425978148176	0.19301447877148967
0.07276277818519036	0.18104210448797367
0.08613502893725741	0.16866506428049965
0.09854646543525968	0.15591661607015161
0.10997016578499832	0.14283645827514935
0.12038248924745555	0.12947063774263437
0.12976354641388782	0.11587119952120822
0.13809763713317383	0.10209561254124974
0.1453736415026025	0.08820604921035144
0.15158534904073312	0.07426854230880886
0.15673171639464742	0.060352040725328515
0.1608170396066022	0.04652714769964954
0.16385104365972386	0.03286500590688404
0.16584887815861152	0.01943614757062604
0.1668310222321299	0.006309294487601806
0.1668231067411906	-0.006449731822903996
0.16585565633085333	-0.018778889463182638
0.16396376313427063	-0.03062080373473616
0.16118670850154032	-0.041923427302764785
0.15756754102262943	-0.052640388828959925
0.15315262499006407	-0.06273126587246868
0.14799117771894665	-0.07216182509611639
0.14213480693981953	-0.08090385808638265
0.13563705476059656	-0.08893492819049534
0.1285529619785765	-0.09623813334028986
0.12093866141658613	-0.10280176674821194
0.11285100162879477	-0.10861878150705555
0.10434720442643977	-0.11368635277117642
0.09548455988878359	-0.1180054381392557
0.08632015641697018	-0.12158029708903369
0.07691064324416985	-0.12441807405191738
0.06731202361503322	-0.12652845970075496
0.05757947645464559	-0.1279233322937585
0.04776719517768586	-0.12861647874289253
0.03792824816710322	-0.12862352626444704
0.028114451761604105	-0.12796164980929972
0.018376247365610606	-0.12664953799565692
0.008762588081929073	-0.1247074537960652
-0.000679175569996005	-0.12215711072095979
-0.009903414782729074	-0.11902177100740097
-0.018866341654431903	-0.11532635906186428
-0.027526136267640184	-0.11109746127807552
-0.03584308065117875	-0.10636345752434039
-0.04377969688805115	-0.1011545868114459
-0.05130089233155037	-0.09550299235347225
-0.058374106631791337	-0.0894427859634947
-0.06496946003696365	-0.08300997807834423
-0.07105990216581654	-0.07624249208538698
-0.07662134988722337	-0.06918008151502104
-0.08163282160271414	-0.06186404730856119
-0.0860765565216263	-0.05433725203312142
-0.0899381134494806	-0.04664372810459707
-0.09320645644994174	-0.03882836300102672
-0.09587401020576962	-0.03093674824892916
-0.09793669105735726	-0.02301462034392292
-0.09939391286441303	-0.015107581421651764
-0.10024855795758257	-0.007260732954803587
-0.10050692281180551	0.00048179350898041825
-0.10017863217513095	0.008077139254125593
-0.09927652579564622	0.01548413135516618
-0.09781651964348409	0.022663532669458974
-0.0958174418869195	0.029578410207556645
-0.09330085297323519	0.036194343274171106
-0.09029084376117069	0.042479531545017324
-0.08681382413077891	0.04840512747065739
-0.0828983036395712	0.05394515861197879
-0.07857466123709632	0.05907659816092879
-0.07387491697664844	0.06377960606102363
-0.06883250393000959	0.06803707265827949
-0.06348203993579454	0.0718350221439977
-0.057859110866195176	0.07516222010231023
-0.05200004987952873	0.07801021400196537
-0.04594173671969556	0.08037323220522112
-0.039721394381518706	0.08224800356414956
-0.03337640090714688	0.08363373860347549
-0.02694410565309999	0.08453195976871956
-0.020461655490639476	0.08494643594996401
-0.013965825398109697	0.0848830850497096
-0.007492858699317619	0.0843499185770304
-0.0010783086985670341	0.08335693821889645
0.0052431118532052425	0.08191612279463867
0.011437678203277292	0.08004134355358787
0.017472798467482467	0.07774833599824028
0.023317153836828277	0.07505466607825068
0.028940836527559893	0.07197966700985087
0.0343154838604262	0.06854441193909888
0.03941440839005216	0.06477163506270063
0.04421272365285976	0.06068568951419608
0.048687463189466214	0.056312448828446396
0.05281769404599311	0.051679187598763845
0.05658462092110141	0.04681452668116413
0.05997167986423827	0.04174821337433692
0.06296462318054598	0.03651100871032548
0.06555158770907693	0.03113453363749038
0.06772315196065097	0.025650988281731735
0.06947237682874985	0.020093041647168474
0.07079482802101074	0.014493546918028283
0.07168858424549471	0.008885310465229461
0.07215422483853999	0.003300903985464953
0.0721948009451248	-0.002227622140130556
0.07181578879127268	-0.0076689290815082165
0.07102502565412387	-0.012992640516694872
0.06983262957702902	-0.018169494540654748
0.06825090359097324	-0.023171642379608837
0.06629422794837835	-0.027972630466331236
0.06397893692307531	-0.03254779138108671
0.0613231909630271	-0.03687411462172678
0.058346830639463276	-0.0409305753262317
0.05507123711760043	-0.04469804391796135
0.051519171220670096	-0.048159428806276036
0.04771462609470883	-0.05129973108095936
0.0436826609030067	-0.05410594713598202
0.03944924861538115	-0.05656726999319285
0.035041112067150965	-0.05867483245534043
0.030485569276922975	-0.060421952954160404
0.025810376282592973	-0.06180385591887106
0.021043573535251284	-0.06281784879390252
0.016213336151307014	-0.06346312607782839
0.011347824828699948	-0.06374083275855806
0.0064750427539108845	-0.06365396160972607
0.0016226932517046802	-0.0632073384501879
-0.0031819572924670324	-0.06240756917538376
-0.007912214367916559	-0.06126299319818662
-0.012542086091919877	-0.059783644479879404
-0.017046410622237575	-0.05798118990296393
-0.02140097977574514	-0.05586889851712408
-0.02558265804085059	-0.05346155146912633
-0.029569498058337307	-0.05077542455611854
-0.03334084906066219	-0.04782816428010162
-0.03687746271249472	-0.04463876021247626
-0.04016158804064386	-0.04122741810025056
-0.043177064986766094	-0.037615475632176376
-0.04590940317304369	-0.03382529493424842
-0.04834585744339045	-0.029880113562606666
-0.050475490924024875	-0.025803972336398924
-0.05228922729145631	-0.02162149118542276
-0.05377989358619229	-0.01735777723629961
-0.054942248470232095	-0.01303825209642877
-0.0557730007046091	-0.008688455416978725
-0.05627081297175643	-0.004333928795763407
-0.05643629347476023	2.8257127540620708e-14