-0.8944271909999159	1.0954451150103326
-0.8143670941784003	0.9065836554498776
-0.7467975637973742	0.7794744499809909
-0.6878644993125864	0.6891469898794158
-0.6351933715415082	0.622294719692902
-0.5872314246823276	0.5711850799531141
-0.5429184440390585	0.5310258138749315
-0.5015068740241452	0.49869550238244587
-0.4624567628590211	0.47207856047318525
-0.4253710962923618	0.44969374684863556
-0.389954284543171	0.43047500302119296
-0.3559845745236778	0.4136367592622998
-0.32329517380438705	0.3985879427691293
-0.29176102242606106	0.38487542825536514
-0.2612893201419478	0.3721457876325415
-0.23181261490453628	0.36011923440489574
-0.20328366770809952	0.34857091602690493
-0.17567157739932215	0.3373180278735948
-0.14895879905094833	0.3262103002996438
-0.12313881079683373	0.3151232677067547
-0.09821423854760086	0.30395346575972165
-0.07419531904787263	0.2926148594588586
-0.05109859661392367	0.2810364647358716
-0.02894578292610335	0.26916068652728753
-0.007762725325685466	0.25694225958102385
0.012421555348168568	0.24434755046390244
0.03157579342820551	0.23135437582799004
0.049667382945959904	0.21795166209503253
0.06666327883452146	0.20413954463176895
0.0825308972238904	0.1899293396840614
0.09723901248612984	0.17534344797294735
0.11075864294588979	0.16041516087743737
0.12306391354597537	0.14518826602834942
0.1341328777079709	0.1297164320741492
0.143948279562198	0.11406233501448694
0.1524982352439786	0.09829652459405473
0.1597768131237049	0.08249605141346911
0.1657844940232369	0.06674286226454437
0.170528497401791	0.05112206713529659
0.1740229617925688	0.035720151580909215
0.17628897889934525	0.020623038641940764
0.17735448184447872	0.005914391273592801
0.17725399413614937	-0.008325978888273716
0.1760282567679903	-0.02202361606259583
0.17372375339013235	-0.035110559441880455
0.17039215101934158	-0.047526145971481124
0.1660896834660371	-0.059217639621775287
0.1608765023948248	-0.07014050297102807
0.15481601586498014	-0.08025836332125445
0.14797423663197715	-0.08954282618699748
0.14041915865914914	-0.09797303258964898
0.13222017089594273	-0.10553505702737899
0.1234475224539402	-0.11222131834322817
0.11417184407476857	-0.11802985233816508
0.10446372471180401	-0.1229635341770736
0.09439334537466942	-0.1270294711918757
0.08403016750327852	-0.13023836026295313
0.07344266762863498	-0.13260389352283194
0.06269811300777492	-0.13414232325080058
0.051862372001025746	-0.13487209761306831
0.04099974955247582	-0.13481357070957606
0.0301728405144994	-0.13398883526425265
0.01944239463969588	-0.13242162868640434
0.008867185079681457	-0.13013730640541668
-0.0014961242402185219	-0.1271629102868459
-0.011593116589279332	-0.12352725191492586
-0.021371770333708857	-0.11926102782592503
-0.030782617776626102	-0.11439698865088062
-0.03977891498271696	-0.10897007958573439
-0.04831682342343406	-0.10301754424554393
-0.05635560053609531	-0.09657903301623487
-0.06385779577758016	-0.08969666949765723
-0.07078944762848313	-0.08241501659833514
-0.07712027810726205	-0.07478096698150852
-0.08282387759691251	-0.06684364875191127
-0.08787787253956737	-0.058654183952393926
-0.09226407296184794	-0.050265325441017195
-0.09596859309604351	-0.04173110890318102
-0.09898193714637263	-0.033106472287018594
-0.10129904836113905	-0.024446695064532543
-0.10291931840538851	-0.015806892715508652
-0.10384655622755395	-0.007241525467689266
-0.10408890632558543	0.0011961978259848434
-0.10365873337953477	0.009454778685379259
-0.10257246091624313	0.017484948829960854
-0.10085037690096967	0.02524011423323739
-0.09851640235261283	0.03267661524720649
-0.09559783629777792	0.03975425823852456
-0.09212507980631172	0.04643631718474495
-0.08813133601381823	0.05268978445450326
-0.08365231118329107	0.05848560825053195
-0.07872590265493404	0.06379843507883765
-0.0733918858277825	0.06860684152749512
-0.06769161336102976	0.0728931892827111
-0.0616677115081011	0.07664340280410603
-0.055363791862885446	0.0798470324712414
-0.04882417484221634	0.08249695965178216
-0.04209362154193315	0.08458928423602817
-0.035217082281249756	0.08612319659352691
-0.028239454603483333	0.08710078841634813
-0.021205354306685242	0.08752695595355842
-0.01415889564905817	0.08740923465891824
-0.007143480711728646	0.08675774953453272
-0.00020159765503848567	0.08558509477517937
0.0066253769266695645	0.08390624923156172
0.01329736846384413	0.08173856700730535
0.019775790723225578	0.07910167280708343
0.02602372909183094	0.07601743527403057
0.03200611809892512	0.07250991683743013
0.037689915771617635	0.06860529837151111
0.04304427152063553	0.0643318268312575
0.04804068773479979	0.059719679704688104
0.05265317347028371	0.05480089991398538
0.0568583856318235	0.04960922968351554
0.06063576022712483	0.044179894479972656
0.06396762699274466	0.03854949578828649
0.06683930549884762	0.032755716484036766
0.0692391859920481	0.026837032153885085
0.07115878321964803	0.020832558900163597
0.072592770431037	0.014781605845835934
0.0735389898111769	0.008723473782057223
0.07399843398577517	0.002697107317158369
0.07397520653685122	-0.0032592375070456064
0.07347645461248102	-0.00910826235384075
0.07251227940454151	-0.014813948256052025
0.07109562248982958	-0.0203417830136319
0.06924213285254585	-0.025659082339420648
0.06697001539154608	-0.03073509836607767
0.0642998604981676	-0.035541291962967216
0.061254465841789195	-0.04005147637447128
0.057858641184523295	-0.0442418282829415
0.05413900857094302	-0.048091146846841015
0.05012379885442694	-0.051580781222528266
0.04584263396419251	-0.054694676146702904
0.04132632708628447	-0.05741945757300433
0.036606661966237575	-0.05974426345523035
0.031716190202292105	-0.06166095230747614
0.026688021005429576	-0.0631637773737553
0.021555620350466743	-0.06424961053592138
0.01635261208798458	-0.06491767602776186
0.01111258268208348	-0.06516963553421798
0.005868893156610324	-0.06500944546617696
0.0006544930968909787	-0.06444334114608036
-0.004498258788292243	-0.06347976234780417
-0.009557770269389011	-0.062129295118547936
-0.0144933859776703	-0.06040461414289216
-0.01927555264547515	-0.058320408926397393
-0.023875979512824982	-0.05589333366056692
-0.028267791615302615	-0.05314189808085029
-0.03242567877597691	-0.05008642140284835
-0.03632603356190469	-0.046748900631334855
-0.03994708612667791	-0.04315290905095927
-0.04326902288547954	-0.039323505527237346
-0.04627410184771424	-0.035286999930888636
-0.04894674893236962	-0.03107095314124801
-0.05127364680516758	-0.026703801563101644
-0.05324380488862589	-0.022214867999072466
-0.05484861573888366	-0.017634022882004163
-0.05608189662647419	-0.012991536659796438
-0.056939908914866944	-0.00831785646426715
-0.05742136467143867	-0.0036433449247791714
-0.05752741206212985	0.0010018847376005932
-0.05726160392251723	0.005588246331781926
-0.056629848387219135	0.010086860070553018
-0.055640342826313416	0.014469786087963284
-0.054303491164337164	0.0187101753360085
-0.052631806317655135	0.022782517587129875
-0.050639800394909416	0.026662720661344192
-0.04834385874872551	0.030328312109045845
-0.045762109837212295	0.0337585579804297
-0.04291427871571878	0.036934486879954605
-0.039821539152710125	0.03983912898870873
-0.036506356872951076	0.04245738390233436
-0.03299232727522166	0.04477624927292266
-0.029304014905003797	0.04678473124930971
-0.02546678386796076	0.04847389268013293
-0.021506634825372493	0.049836911747436145
-0.01745003628036977	0.050868964566941635
-0.01332375975653439	0.05156733659634191
-0.009154716877355674	0.051931296435156024
-0.004969793738729414	0.0519621450423038
-0.0007956966982059905	0.05166310402268469
0.0033412085157774	0.05103934961739747
0.007415046455818064	0.05009792413200181
0.011400584597667109	0.04884769859158185
0.015273374676393028	0.04729931936186831
0.01900989637622267	0.04546513259841935
0.022587689065393265	0.04335914840766825
0.025985484337557086	0.04099690533504475
0.029183324624308848	0.038395464437990995
0.03216268231300718	0.03557320880301433
0.0349065626227741	0.03254986940302316
0.03739960560618975	0.029346243021609694
0.039628170005495705	0.025984257450399638
0.04158041432021478	0.022486613506748406
0.04324635892191427	0.018876875215023865
0.04461794224237722	0.015179059611080702
0.0456890585570965	0.011417726379082819
0.04645558645572559	0.007617561916061787
0.04691540034752617	0.003803427956495419
0.04706836989868887	-3.946495907847236e-17