0.23307119189646788	-1.394875556997094
0.19589728306029836	-1.2776854185487638
0.16172144115722523	-1.1788096454782566
0.13009389780550362	-1.094140231889571
0.10066260334038979	-1.0206939169377645
0.07314730270144973	-0.9562523971140395
0.047321651789352624	-0.8991322503235909
0.023000561764708095	-0.848034056747869
0.000031047201593300405	-0.8019385067776575
-0.021714542047552726	-0.7600356809556091
-0.042343599261136414	-0.7216741496027662
-0.061947145468627424	-0.6863241830673912
-0.08060282209073552	-0.6535514127640318
-0.09837725450833915	-0.6229963173080609
-0.11532791635965652	-0.5943591690460618
-0.1315046345003304	-0.567388720040964
-0.14695079203914488	-0.5418724823655555
-0.16170432868877174	-0.5176307486836711
-0.1757985542014745	-0.4945104015891427
-0.18926282946428655	-0.47238020282091775
-0.20212313761599124	-0.4511282107607233
-0.21440256357259999	-0.43065788933550025
-0.2261216913820919	-0.4108861108533559
-0.23729896633448916	-0.3917416648047779
-0.24795098054012968	-0.373163002882226
-0.25809274034185525	-0.3550971014830774
-0.2677378786550936	-0.3374986092969901
-0.2768988591701507	-0.32032854731192084
-0.2855871401616726	-0.3035536437928458
-0.2938133196285152	-0.2871452861582396
-0.30158726902262395	-0.27107989958334
-0.30891824976141236	-0.2553369885202168
-0.3158150044767602	-0.23989998226960058
-0.32228585683208794	-0.224755107173095
-0.3283387821676107	-0.20989115353527854
-0.33398147706663256	-0.1952991676398924
-0.33922141067483613	-0.18097188701736155
-0.3440658854167604	-0.16690453786565684
-0.34852208503836074	-0.15309310700189438
-0.3525970965091361	-0.13953494962197463
-0.35629795851542173	-0.12622899956582054
-0.3596316823725463	-0.1131743379894358
-0.36260526786272385	-0.10037121030534023
-0.36522573494309474	-0.08782053556426404
-0.36750012638540075	-0.07552317956381671
-0.3694355204784042	-0.06348085092049063
-0.37103904605799565	-0.051695243811343286
-0.37231787580951364	-0.040168002402420716
-0.37327923545658503	-0.02890121662575357
-0.3739304044818306	-0.017896557181609114
-0.37427870689788134	-0.007155687229397134
-0.374331515248282	0.0033196941025061336
-0.3740962417057508	0.013528418368464856
-0.373580329700182	0.023469355520358212
-0.37279125176406347	0.03314165560979353
-0.37173649670056713	0.042544928222022334
-0.37042356220754946	0.051678928236568875
-0.3688599476727753	0.060543835214342666
-0.3670531417181016	0.06914018704008915
-0.3650106147679172	0.0774687761736366
-0.36273980945468304	0.08553080946698537
-0.36024813039061077	0.09332779213750733
-0.35754293614712107	0.10086153848882012
-0.3546315301156884	0.1081341837445546
-0.3515211523318576	0.11514814412740622
-0.34821897152259307	0.12190611457561581
-0.34473207822235413	0.1284110159554126
-0.3410674778635634	0.13466603916526
-0.337232084108026	0.14067456176886528
-0.3332327142555544	0.14644013946129722
-0.32907608352107404	0.15196653718667205
-0.324768800747021	0.15725761127373314
-0.3203173655969751	0.1623173671795908
-0.3157281637782386	0.16714995120332804
-0.3110074656954115	0.17175950252892214
-0.3061614246616274	0.17615030158242542
-0.30119607398975273	0.18032665769050038
-0.29611732657478135	0.1842929134723806
-0.2909309745398385	0.18805340248598265
-0.2856426888745663	0.19161245820571227
-0.2802580213806562	0.19497433809608872
-0.2747824039862849	0.19814339191132507
-0.2692211482648898	0.2011238685735752
-0.26357944854776066	0.20391997029171866
-0.25786238296690733	0.2065358161297755
-0.2520749160517575	0.20897546780505244
-0.24622190002340702	0.21124288605681824
-0.24030807893249306	0.21334191237760028
-0.23433809001175857	0.21527637498993946
-0.22831646425165672	0.21705005360473756
-0.22224763026204528	0.2186665071694139
-0.21613591933025428	0.22012919101069955
-0.20998556721738773	0.22144150788421024
-0.20380071569323252	0.2226067963300822
-0.19758541570054225	0.2236282204190493
-0.1913436321868385	0.22450881355280913
-0.1850792466127971	0.2252515364059796
-0.17879605899982826	0.22585927352253354
-0.172497790720873	0.22633477225936097
-0.1661880886252803	0.22668065162553275
-0.1598705277596568	0.22689944793800665
-0.15354861368829686	0.22699361351321515
-0.14722578503994954	0.22696549444673667
-0.14090541676113397	0.2268173244178174
-0.13459082271630085	0.22655125640462034
-0.12828525791588474	0.2261693631492529
-0.1219919208161202	0.22567362955634465
-0.11571395585078863	0.22506595447335487
-0.10945445551090242	0.22434816772088434
-0.10321646233795276	0.22352202584777867
-0.09700297097059538	0.22258921190520686
-0.09081693002494608	0.22155135234567183
-0.08466124347458136	0.2204100227419714
-0.07853877227523653	0.21916673597557995
-0.07245233610741988	0.2178229447851674
-0.06640471461630529	0.21638007796777828
-0.060398647993870805	0.2148395323535527
-0.05443683824722013	0.2132026526133851
-0.04852195062057012	0.21147073821442378
-0.04265661411614483	0.2096450998912078
-0.03684342127840093	0.20772703381626045
-0.031084929129110987	0.20571779424185135
-0.025383660260069756	0.20361860686461183
-0.01974210256765617	0.20143074461530303
-0.014162708300240183	0.1991554804838901
-0.008647894687058174	0.1967940558171873
-0.0032000446891340666	0.19434770130630863
0.0021784940758968283	0.1918177297485811
0.007485410946139011	0.18920546584172954
0.012718431841704174	0.1865122114714141
0.017875318849524816	0.1837392777603037
0.02295387211707136	0.18088808801865616
0.02795193194364185	0.17796008562106233
0.03286737865788751	0.1749567013002822
0.03769813256591508	0.17187939461390114
0.04244215655394623	0.16872976092173506
0.047097458535712115	0.16550942146251682
0.05166209150842246	0.16221999207971066
0.056134153840849674	0.1588631386807127
0.06051179247837582	0.15544067434732936
0.06479320546444935	0.15195444128925087
0.0689766422313498	0.14840628725574354
0.07306040426337257	0.14479812654874377
0.07704284858528611	0.14113202005600953
0.0809223902208984	0.1374100601981578
0.08469750266249568	0.13363435299523735
0.08836671879560848	0.12980708109428746
0.09192863447988404	0.12593056832838223
0.09538191084350135	0.122007167711115
0.09872527475690292	0.11803924813772362
0.10195752004370566	0.11402927012979015
0.10507751075164597	0.10997979513901543
0.10808418270886026	0.10589341464189761
0.11097654442440984	0.1017727617863867
0.11375367894772842	0.097620557386186
0.1164147458969842	0.09343957044901173
0.11895898247688126	0.08923260346303719
0.12138570465589436	0.08500251506712665
0.12369430885522617	0.08075221640480212
0.12588427300320718	0.07648464809733432
0.12795515739983615	0.07220278658429227
0.1299066058004331	0.06790964261524007
0.13173834609025753	0.06360824826307687
0.1334501910270834	0.05930166369192668
0.1350420387941736	0.05499296237524842
0.13651387354106553	0.05068524072167396
0.13786576558516372	0.04638158572177099
0.13909787100839383	0.0420850716319757
0.14021043203489622	0.03779881516857082
0.14120377761724764	0.03352590872631224
0.14207832200197124	0.029269396084198453
0.14283456462923227	0.02503233838433227
0.1434730888121338	0.020817705396429402
0.1439945610858813	0.016628516641498767
0.14439973249008564	0.012467784212406975
0.14468943545490817	0.008338352827535056
0.1448645819269184	0.004243113289237054
0.14492616456238727	0.000184922923669346
0.14487525322661046	-0.0038335038323446054
0.14471299366502888	-0.00780942490895482
0.14444060733552952	-0.011740183431896024
0.1440593876942345	-0.01562323496816776
0.143570699258281	-0.019456022809393646
0.1429759764520164	-0.023236118157513058
0.1422767194992182	-0.02696118539599593
0.14147449464694428	-0.03062881007348441
0.14057093226622197	-0.03423692850451445
0.1395677170869863	-0.03778348892056492
0.13846659573206482	-0.04126628332495205
0.1372693718128404	-0.04468329566007284
0.13597790485171155	-0.048032682862662275
0.1345941003359602	-0.051312798164118295
0.1331199151724308	-0.054521792121459994
0.13155735052234374	-0.057658125533207656
0.12990845387570885	-0.06072024769461748
0.12817531149485192	-0.06370668078452354
0.12636005122756086	-0.06661613153804709
0.12446483527443881	-0.06944728318008177
0.12249186055838035	-0.07219901974067243
0.12044335681909513	-0.07487010857771871
0.11832159566199235	-0.07745966692414835