0.44721359549995765	1.341640786499874
0.5332164515754281	1.035251032924805
0.6003446850410658	0.8153145060120152
0.6533655327767393	0.6444032166420675
0.6951218057102471	0.5044166889096919
0.7274876494876638	0.38584184317817305
0.7518143385061024	0.28338898955721986
0.7691558218384542	0.19396575387991305
0.7803874064863919	0.11564478106638884
0.7862684519563896	0.04710798123944756
0.7874746618418909	-0.012655879899031748
0.7846139909627088	-0.06451098726556342
0.7782342103682693	-0.10925096888046054
0.7688267662153733	-0.14762862256967876
0.7568294511153449	-0.18036156849305748
0.7426291319243958	-0.20812695620610455
0.7265649850286406	-0.23155363425495565
0.7089322757394714	-0.2512155930147957
0.6899865204756549	-0.2676280431694877
0.6699478220195425	-0.281246658946989
0.6490051621461298	-0.2924692961868338
0.6273205023311638	-0.3016394966291766
0.6050325822925644	-0.30905110745751113
0.5822603589166655	-0.31495344960398153
0.559106062692689	-0.31955658667974607
0.535657875119366	-0.32303639187765903
0.5119922485748157	-0.3255392467962054
0.48817590090588825	-0.3271862807906304
0.46426751856133414	-0.3280771126000128
0.4403192039483676	-0.32829310755783114
0.4163777025287793	-0.32790017848604824
0.3924854403553216	-0.32695118270749757
0.3686814015466945	-0.3254879285243211
0.34500186768190494	-0.3235429373790484
0.32148104308799186	-0.32114088508529226
0.2981515809926899	-0.3182997879292342
0.2750450278314515	-0.3150321134584559
0.2521921955653107	-0.3113456787586796
0.22962347209100883	-0.3072444253492963
0.2073690777543488	-0.3027291099663687
0.1854592736459963	-0.29779798116143336
0.16392452361610718	-0.2924472722807065
0.14279562102421933	-0.2866718479778103
0.12210376973642195	-0.2804656681779768
0.1018806305519037	-0.2738223301706702
0.08215832947741426	-0.26673557697343825
0.06296942807396053	-0.2591998048198443
0.04434685596138707	-0.2512106149435874
0.026323805102874322	-0.2427653125963367
0.008933585342373622	-0.23386344074468315
-0.007790558008868798	-0.22450731438634391
-0.02381566422982189	-0.2147025015076367
-0.03910931313883477	-0.20445831730905178
-0.05363991389826583	-0.19378826014784367
-0.06737702315851585	-0.18271036055965728
-0.08029168830951014	-0.17124746053398165
-0.09235680793417972	-0.15942747076205563
-0.10354750173057135	-0.14728342199851685
-0.1138414831956709	-0.13485337867151545
-0.12321942517749147	-0.12218028405739678
-0.131665303977589	-0.10931170151894543
-0.1391667174003952	-0.09629929819426951
-0.14571516388666494	-0.08319822662959607
-0.15130627441834835	-0.07006644446516212
-0.15593998839047862	-0.05696395055996471
-0.15962066796099703	-0.04395187344995213
-0.16235714845992533	-0.03109154825021574
-0.16416272173530994	-0.01844363174633241
-0.16505505318931393	-0.006067225998169744
-0.16505603656378026	0.005980989847922544
-0.16419159285719948	0.017647450196510428
-0.16249141668702072	0.028882313765830444
-0.15998868558648188	0.03964004905820689
-0.15671973373910753	0.04987971971792087
-0.15272370472462704	0.05956525715991162
-0.14804219304936658	0.06866556362377828
-0.14271888111219524	0.07715448151557253
-0.13679918207624955	0.08501070111621178
-0.13032989476727916	0.09221752103063759
-0.12335887523743458	0.09876258703832601
-0.11593473118319386	0.10463759565158427
-0.10810654210068343	0.10983789415457337
-0.09992360178471375	0.11436214448558703
-0.09143519159519203	0.11821200221039471
-0.08269037670276368	0.1213916896044886
-0.07373782596935391	0.12390776456108511
-0.06462565530739137	0.12576881707596949
-0.05540128751665689	0.12698520876100858
-0.046111328922481105	0.12756892636238068
-0.03680145810131552	0.1275334028311345
-0.02751632336390132	0.12689342841032433
-0.018299446768566048	0.1256650826845813
-0.009193130729019098	0.12386570914942076
-0.00023836608715944313	0.12151393287997744
0.008525261904837371	0.11862965741170953
0.017059669793419573	0.11523415609232672
0.025328376327607118	0.11135008849440546
0.03329660730369191	0.10700159900964967
0.04093140521323397	0.1022143489415863
0.04820174190498286	0.09701558181402012
0.05507863507915042	0.09143411984573775
0.061535265078725414	0.08550043041444319
0.0675470906023217	0.0792465198749619
0.07309196399349101	0.07270592632450779
0.07815023639501754	0.06591364079597412
0.08270485827276101	0.05890590037529156
0.08674146866050018	0.051720085865901544
0.0902484677477649	0.04439451942640557
0.09321707625473748	0.036968151753453214
0.09564137609789909	0.02948037548488025
0.0975183287808182	0.02197072605001659
0.09884777497931078	0.014478535679153116
0.09963241106472194	0.00704268307069319
0.09987774264711247	-0.0002987353429572369
0.09959201777710408	-0.007508696367384425
0.09878613759171026	-0.014551525182055887
0.09747354931923527	-0.02139318077040932
0.09567011905163549	-0.028001380733027405
0.09339399253685099	-0.03434597862262547
0.09066544145729702	-0.04039888875345232
0.08750669623534897	-0.046134436253581365
0.08394177966391914	-0.05152930480328542
0.07999632364892204	-0.05656257720704935
0.07569739468466397	-0.061215931023418074
0.0710733109629074	-0.06547335771290466
0.06615346303060406	-0.06932141450083826
0.06096814077156673	-0.07274896873136733
0.055548357732903945	-0.07574721711749792
0.04992568824854685	-0.07830963553714783
0.04413210423415506	-0.08043181221208667
0.03819982157320831	-0.0821114558604561
0.03216115128768045	-0.08334824511083422
0.02604835689874254	-0.08414378820147377
0.019893517207024515	-0.08450152192693443
0.0137283945327428	-0.08442668280640162
0.007584307362867027	-0.0839261928959617
0.001492006476505504	-0.08300866898217538
-0.004518444019598719	-0.08168433481257704
-0.01041778459680059	-0.07996499204811809
-0.01617767351265264	-0.07786400673249716
-0.02177079900038487	-0.07539623833997174
-0.027170988310787604	-0.07257804065545861
-0.032353314288167	-0.0694272001409221
-0.03729419912231047	-0.0659629135659577
-0.041971514524858936	-0.06220570782857196
-0.04636467837548381	-0.058177419345170754
-0.050454745082818275	-0.05390108499582299
-0.05422449247774944	-0.04940085957206097
-0.05765849902689262	-0.04470196081893448
-0.06074321528689219	-0.03983045713861334
-0.06346702582718562	-0.034813253714466995
-0.06582029927027022	-0.029677852276282293
-0.0677954310133087	-0.024452229991554948
-0.06938686956005208	-0.019164701163187157
-0.07059113396098558	-0.013843663362471476
-0.07140681626180032	-0.008517506413382999
-0.07183457057534268	-0.0032143558128883564
-0.0718770899004152	0.0020380716164833446
-0.07153906825097268	0.007212662351844423
-0.07082715127984972	0.012283059486445437
-0.06974987313964871	0.017223876355421483
-0.06831758417112066	0.022010749113126747
-0.06654236435963029	0.026620620067006266
-0.06443793362239618	0.031031662004591908
-0.06201954561379898	0.035223603721726796
-0.05930388494349244	0.039177594454022587
-0.05630894623772245	0.0428764755911091
-0.05305392350915352	0.04630465759272026
-0.04955908011674527	0.049448293066038616
-0.0458456333636682	0.0522952111911432
-0.04193562115318849	0.05483496515888381
-0.03785178455993398	0.05705883856682713
-0.03361743583107406	0.05895978934214537
-0.02925634065784556	0.06053250933212273
-0.02479259055542303	0.06177330343274512
-0.020250486765971187	0.06268016406982631
-0.015654418479942422	0.06325264681914902
-0.011028749132457537	0.06349191992393485
-0.006397701073248141	0.06340066303745626
-0.0017852454208712376	0.06298308491080869
0.002785007310101858	0.062244852965707774
0.00728991307738605	0.06119308163262225
0.011706897950626247	0.059836278505787356
0.01601405902050072	0.05818432289072896
0.020190262137938036	0.05624840359526104
0.024215237220237815	0.0540410061710035
0.028069669066059028	0.05157581958929637
0.031735286148084726	0.04886774176593696
0.03519494277920316	0.04593274606340784
0.0384327000108689	0.042787898207734404
0.04143389690289175	0.03945118985155404
0.044185221555034265	0.035941550009805034
0.04667476946335555	0.03227866023711457
0.04889210060514354	0.028482923008157107
0.050828284512577024	0.02457533793192168
0.05247594100890989	0.020577345935098287
0.053829268461168166	0.016510781977720428
0.05488406595960402	0.012397659789977639
0.05563774468793292	0.008260128949960189
0.056089329529918124	0.00412026775883797
0.05623945196381577	1.8214596497756474e-17