0.21484721639940094	-1.3977985096591672
0.1772914047388741	-1.2789458171453416
0.14280072738524646	-1.1787945117508716
0.11091249472541184	-1.0931119727525187
0.08126544218762873	-1.0188333217064245
0.05357259289879066	-0.9536864359008903
0.0276026191656457	-0.8959504288393928
0.0031666905619124643	-0.8442999475495333
-0.019891028570678107	-0.7976975101445521
-0.0417003789184932	-0.7553196538845056
-0.06237044713025244	-0.7165054894376512
-0.08199357282774664	-0.6807184406951843
-0.1006484391103075	-0.6475192649949417
-0.11840249683854542	-0.6165444766212222
-0.1353138773831208	-0.5874921338356325
-0.15143293639688504	-0.5601091009028257
-0.16680349567768182	-0.5341819843988782
-0.18146386412430357	-0.5095305995036131
-0.19544767080531875	-0.4860011789237165
-0.2087845574362871	-0.46346327946211285
-0.22150076762924958	-0.44180478098757187
-0.23361963512180495	-0.42092999758703653
-0.24516199456935753	-0.4007567991496944
-0.2561465447328115	-0.3812147127365918
-0.2665901477249373	-0.3622432119627905
-0.2765080860642434	-0.3437904666522004
-0.2859143013313382	-0.325812233586368
-0.2948215785385262	-0.3082707351685705
-0.30324172883779504	-0.29113399460038
-0.31118573358512264	-0.2743749608312366
-0.31866387549133646	-0.25797071819734957
-0.32568584932863565	-0.24190252898300296
-0.3322608744554064	-0.22615480407867036
-0.33839776607359373	-0.2107147252017695
-0.34410502520182235	-0.19557237701662228
-0.34939089990702804	-0.1807197522893379
-0.35426344308386776	-0.16615092042791696
-0.3587305602326924	-0.15186115810898923
-0.3628000459775238	-0.13784753508335074
-0.36647963679967255	-0.12410844629141006
-0.3697770246938397	-0.11064252051861058
-0.37269988339234755	-0.09744987571395014
-0.3752558992980552	-0.0845309685893939
-0.377452770411487	-0.07188642599271212
-0.37929822654821477	-0.05951780219724846
-0.38080003954639696	-0.047426362594613754
-0.38196601650508094	-0.035613555838012186
-0.38280401246103846	-0.02408118728579877
-0.3833219255459153	-0.012830514475612427
-0.3835276897722152	-0.0018629339997708692
-0.383429278890656	0.008820285939820486
-0.3830346936293514	0.01921840425488041
-0.38235195523430426	0.029330686335340073
-0.38138910128527376	0.039156811494683134
-0.3801541712304655	0.048696876094636764
-0.37865519971275047	0.057951153971057004
-0.3769002072424253	0.06692040995886363
-0.37489718752763207	0.07560574026728525
-0.37265409965736923	0.08400854393587326
-0.3701788573431493	0.09213063965687206
-0.36747931883214296	0.09997415016285473
-0.36456327816146106	0.1075415304674622
-0.36143845592711304	0.1148355417327514
-0.3581124910261424	0.12185924330870097
-0.354592932378594	0.12861596175037027
-0.35088723255473403	0.13510924032861119
-0.3470027405749704	0.14134290164189656
-0.3429466955795415	0.14732092266834693
-0.33872622274482506	0.1530474568158548
-0.334348327554578	0.1585268547804514
-0.3298198922768411	0.163763524571957
-0.3251476735475345	0.16876202428534615
-0.32033829781989603	0.17352702236233716
-0.3153982611403599	0.17806315022136562
-0.31033392756865574	0.18237517768014583
-0.3051515269028255	0.18646786842375132
-0.29985715485988124	0.19034600332606744
-0.294456773579683	0.19401431888834633
-0.2889562119026213	0.1974775333683874
-0.2833611679811259	0.20074026635305922
-0.27767720919639516	0.20380720801243118
-0.27190977207638345	0.2066829328540454
-0.26606416651222364	0.20937191944520694
-0.2601455774187155	0.21187856607531952
-0.25415906756051054	0.21420718425747842
-0.24810957957317417	0.21636197940530388
-0.2420019405887116	0.21834699707631264
-0.23584086467833226	0.2201662421032967
-0.22963095398412928	0.22182366594218045
-0.2233767022268142	0.22332300810013225
-0.21708250060043957	0.22466785857892585
-0.21075264043933487	0.22586173455323852
-0.20439131530368543	0.22690807607197194
-0.19800262401696853	0.2278101637774375
-0.19159057581819738	0.22857111459100937
-0.18515909365522	0.2291939549922532
-0.17871201669902162	0.22968162151373148
-0.17225310319925347	0.2300369241514434
-0.16578603466930078	0.23026252609165168
-0.1593144191535424	0.23036099495077056
-0.15284179390148572	0.2303348022356666
-0.14637162812969068	0.23018631501572423
-0.13990732624167077	0.22991778294148058
-0.13345223071524553	0.22953136607511254
-0.1270096245781446	0.2290291358922846
-0.1205827339140986	0.2284130729080739
-0.11417473045134208	0.2276850698911886
-0.10778873368742427	0.2268469509346039
-0.10142781296131254	0.2259004615484086
-0.09509498968250507	0.2248472679152299
-0.0887932393940983	0.22368897556441142
-0.08252549306007491	0.22242714878257303
-0.07629463856611321	0.22106328795169328
-0.07010352257136107	0.21959882747656745
-0.0639549520697764	0.21803516743637194
-0.0578516947684803	0.21637369714527352
-0.05179648001697016	0.21461575508314426
-0.045792000319046205	0.2127626261897934
-0.039840912364103254	0.21081559078537415
-0.03394583641745961	0.20877594937886818
-0.028109356706756995	0.20664496342050004
-0.02233402262202924	0.2044238527481254
-0.016622349191316495	0.20211386393040712
-0.010976815507636021	0.19971629147947662
-0.005399864623132857	0.19723240282764581
0.00010609558250787576	0.1946634361402152
0.0055386924528709625	0.19201068557906137
0.010895591070260256	0.1892755213202044
0.016174494810920374	0.1864592948310429
0.02137314470230256	0.18356333854322102
0.02648932005776103	0.180589072348852
0.03152084171425782	0.17753800647955642
0.036465572917313484	0.17441164631960288
0.041321419099317414	0.17121149241359468
0.04608632890574674	0.1679391508500736
0.050758298138650765	0.16459634244695098
0.05533537095290107	0.1611847836336829
0.05981563964318177	0.1577061931860283
0.06419724639073904	0.15416242684156392
0.06847838715165444	0.15055542862898225
0.07265731273553215	0.1468871591609193
0.07673232948884541	0.14315962556868803
0.08070180206013573	0.1393749712514313
0.08456415625142785	0.13553539132843953
0.08831787987502322	0.13164310643423896
0.09196152419676921	0.1277004322084626
0.09549370728939054	0.12370979057497879
0.09891311578321647	0.1196736366074498
0.10221850579861055	0.11559447004581215
0.1054087052404777	0.11147490516797344
0.10848261647780076	0.10731761529189188
0.1114392174356374	0.103125305783372
0.11427756286854485	0.09890075180083542
0.11699678678358778	0.09464680900208645
0.11959610396500735	0.09036636984452658
0.12207481099063432	0.08606236669597435
0.12443228771279968	0.08173779580143259
0.12666799879941845	0.0773956930748304
0.128781494650343	0.07303912529219594
0.13077241238778542	0.06867120047003494
0.13264047680640864	0.06429504485657993
0.13438550081842662	0.0599138092471639
0.1360073863483134	0.055530675640861456
0.1375061248017638	0.051148829592747594
0.13888179728819758	0.04677146956871352
0.14013457470002522	0.04240178555652343
0.14126471736114382	0.038042954540462276
0.14227257514553499	0.03369817878419197
0.1431585877528824	0.029370635057643736
0.143923283322093	0.02506344924093917
0.14456727809455866	0.020779761784862412
0.14509127503911795	0.01652260300967351
0.14549606240466553	0.012295033017540029
0.14578251507741488	0.008100135822362053
0.1459515922780492	0.003940813403732944
0.14600433395140916	-0.0001800471572200045
0.1459418620101396	-0.0042595270701448005
0.14576537805103587	-0.008294882864396249
0.14547615996589638	-0.012283398135747133
0.1450755621031194	-0.01622236990156304
0.14456501257915239	-0.020109253402543187
0.1439460101762303	-0.023941542680081047
0.14322012388433966	-0.027716765764788532
0.14238898979004477	-0.03143262263477619
0.14145430776631449	-0.035086845596256175
0.1404178425200649	-0.03867710943521576
0.13928141783989623	-0.042201588983131
0.13804690955679183	-0.04565823269328055
0.13671625333271217	-0.04904504135748473
0.13529143804447608	-0.05236006693160346
0.1337745055163667	-0.0556016559535758
0.13216753857904212	-0.05876832694448449
0.1304726680311898	-0.06185837004077238
0.12869206493865692	-0.06487040430947272
0.12682794265583866	-0.06780304392575054
0.1248825490203392	-0.0706549715700546
0.122858169119964	-0.07342506948770687
0.1207571180696627	-0.07611217210825409
0.11858174139946026	-0.07871534366603643
0.11633441270054375	-0.08123352835837629
0.11401754250991383	-0.08366600265340757