8.659387226370163e-17	-1.4142135623730951
-0.09084426518588	-1.1286671295678656
-0.1646582781828818	-0.9319925430942342
-0.22625860400604694	-0.7850877096659884
-0.2784547171634629	-0.6684977557170607
-0.3230097815610074	-0.5715529857870962
-0.36109456564649983	-0.48800586480283664
-0.39352557321438236	-0.41403955927037256
-0.42090014472044657	-0.3472649077679752
-0.44367769646491834	-0.28617265158167116
-0.46223056808332846	-0.2298125520996447
-0.4768765526039304	-0.17759347911134174
-0.48789973526249153	-0.12915271255799
-0.49556354995304697	-0.08426734531890163
-0.5001185287023401	-0.04279363052879285
-0.5018064122995224	-0.004625642270814917
-0.5008618310780513	0.03033170994814819
-0.49751244458254373	0.06217885141467023
-0.4919782160151127	0.09103003569892765
-0.48447028552436866	0.11701609226802506
-0.4751898013084586	0.14028332062307794
-0.4643269086495066	0.16099032731557072
-0.45206001624240366	0.1793036299111495
-0.4385553993719752	0.19539310735582205
-0.42396710106998564	0.2094276756532814
-0.4084371445388091	0.22157189941837732
-0.3920959732978914	0.23198234829393433
-0.3750630770915168	0.24080626676321115
-0.35744773712661126	0.24817982625050142
-0.3393498519724282	0.2542273456635116
-0.3208608005393755	0.25906107570606834
-0.3020643099013935	0.262781360715876
-0.2830372991564458	0.26547699704505406
-0.2638506891832432	0.2672259171018077
-0.24457015705516205	0.2680959327912633
-0.22525683377722916	0.26814562369881617
-0.20596793961130244	0.26742520261515307
-0.18675735323682538	0.2659773931860788
-0.16767611787270514	0.2638383617989733
-0.148772883623981	0.2610385512416958
-0.1300942879826919	0.25760355112198235
-0.11168527634986784	0.25355490018867066
-0.09358936510460322	0.24891087434254747
-0.0758488488124463	0.24368725283688172
-0.058504953673851154	0.23789805015325752
-0.04159793897213217	0.2315562221816352
-0.025167148035638385	0.22467436295504553
-0.00925101113902893	0.217265345941846
0.006112998910126122	0.20934297225760623
0.020888453571344463	0.20092256774848694
0.035040097917847256	0.19202148370256972
0.04853401809018266	0.1826596465765828
0.06133783995909478	0.17286000638187457
0.0734209577975032	0.16264879851747385
0.08475478738773723	0.15205587692743258
0.09531302958387863	0.14111492276353285
0.10507194604189155	0.12986342248190288
0.11401063524452917	0.11834258578943362
0.12211129815083535	0.10659729604885888
0.12935948566504388	0.09467573469161439
0.1357443231888525	0.08262890608032164
0.14125870138184668	0.0705102002807196
0.14589942383520924	0.05837483354769811
0.14966731062231056	0.04627906595536831
0.15256725277283273	0.03427952461725296
0.15460821230549113	0.022432517066274835
0.15580316978427047	0.01079324631948796
0.15616902170569555	-0.0005848730948581981
0.1557264278391324	-0.011650818946960058
0.15449961550425037	-0.022356620953204946
0.15251614791497722	-0.03265771905074732
0.14980665854095854	-0.04251340298057075
0.1464045662461545	-0.05188709375709978
0.1423457710527046	-0.060746475092539234
0.13766834385896595	-0.06906357869303549
0.1324122144942252	-0.0768147314383594
0.12661886445513915	-0.08398047897099199
0.12033103122971592	-0.09054538753233084
0.1135924251781332	-0.09649780312338649
0.10644746577905259	-0.10182964346265941
0.09894103752001195	-0.10653605481230291
0.09111826509112281	-0.11061513376382484
0.0830243116375116	-0.11406768920960593
0.07470419588714343	-0.11689688870443321
0.06620262796845014	-0.1191080669755187
0.05756386386329389	-0.12070849300508552
0.04883157292796086	-0.12170715236740434
0.04004871886276087	-0.12211462890121057
0.03125745046396824	-0.12194296159353019
0.02249899930567188	-0.12120556854002604
0.013813582959178021	-0.11991718985214242
0.005240310430135793	-0.11809386436143018
-0.0031829109108629534	-0.11575293520581485
-0.011419469469610775	-0.11291304809472476
-0.019434145763748408	-0.10959421334685367
-0.0271932100064971	-0.10581782235492963
-0.03466452437931461	-0.10160668392496275
-0.04181764655991018	-0.09698508535889294
-0.04862393617474348	-0.0919787990094893
-0.05505666265286145	-0.08661507472664576
-0.06109111247385477	-0.08092267639936464
-0.06670469388637755	-0.07493178848970163
-0.07187704008312325	-0.06867395658694964
-0.07659010351380645	-0.06218205231294344
-0.08082824310961888	-0.055490042637601475
-0.08457830391044423	-0.04863289794111307
-0.08782967745916417	-0.041646419400459454
-0.09057435431618348	-0.034566906389846205
-0.09280695677338903	-0.02743108872456782
-0.09452475280711284	-0.02027572849312806
-0.09572765513116607	-0.013137410079864482
-0.09641819640827039	-0.006052296783448744
-0.09660148837500296	0.0009441973780664687
-0.09628516005168178	0.007817617918506414
-0.09547927873223039	0.014534753913067862
-0.09419625317553615	0.02106380836648623
-0.09245072158169687	0.02737468912856085
-0.09025942746861543	0.03343908756686571
-0.08764108018956872	0.0392306684450799
-0.08461621152131558	0.04472523387088394
-0.08120702156618607	0.04990064672038598
-0.07743721649217415	0.054737161824469256
-0.07333185471734356	0.0592170942343391
-0.0689171765982028	0.06332515268698363
-0.06422045125494799	0.06704820979416572
-0.05926980821481241	0.07037534009320616
-0.05409408948720411	0.07329779810684442
-0.04872269052020499	0.07580885711693663
-0.043185417387262275	0.07790388297631078
-0.03751234105711182	0.07958011603434946
-0.03173366175260635	0.08083672066718849
-0.025879575379932296	0.08167464312275668
-0.01998014662366645	0.08209657287978489
-0.014065184868081372	0.08210688965620268
-0.00816412620500566	0.08171159411844597
-0.002305916507866053	0.08091826538799167
0.0034810994448406067	0.07973603574839118
0.009169288306564586	0.0781755105835464
0.014731834475489742	0.07624879248278393
0.020142844570611385	0.07396939097041273
0.02537744956761791	0.07135223134493203
0.03041190408465813	0.06841359238896016
0.03522368323526131	0.06517108647148759
0.039791576257236005	0.0616435824499395
0.04409577648161894	0.05785119861184865
0.04811796635606326	0.05381517063618849
0.05184139903942892	0.04955784312173192
0.055250970742266675	0.045102531361448886
0.05833329056816759	0.040473421019356
0.06107673756307804	0.03569550679873197
0.06347151286965336	0.030794347867839262
0.06550968094756962	0.025796111596346455
0.06718519886967923	0.020727185615254506
0.06849393716312564	0.015614264253536871
0.06943368603923317	0.010483980229202976
0.07000415359025595	0.0053628935245450555
0.07020694756047187	0.00027721226449513455
0.07004554898057905	-0.0047472990128316255
0.06952527177569232	-0.00968551923526658
0.068653211664489	-0.014513098968399826
0.06743818584547934	-0.019206630945077612
0.06589065949013459	-0.02374372914391814
0.06402266841071509	-0.02810323493770396
0.061847727649297385	-0.03226517893706964
0.05938073960723317	-0.03621107796162876
0.05663788972046834	-0.039923729916821596
0.05363654467906342	-0.043387597349088244
0.0503951397152328	-0.046588499343311336
0.046933069663957376	-0.049514007932005624
0.043270573080179606	-0.052153095559574626
0.039428619456924885	-0.05449650411513307
0.03542879348035662	-0.05653640271266227
0.03129318127179521	-0.0582666878386563
0.027044257052381664	-0.05968269450909871
0.022704770841631472	-0.06078140732888167
0.018297638632823687	-0.06156124678173911
0.013845833245910766	-0.06202219094278061
0.009372278488772081	-0.062165634810419645
0.004899744179691454	-0.0619944408097204
0.0004507444671913354	-0.06151285301729018
-0.003952562537079638	-0.060726501269840305
-0.008288472008051963	-0.05964234594271984
-0.012535828022563412	-0.05826865853975308
-0.0166741158226245	-0.05661497517618805
-0.02068355237151604	-0.054692065129386104
-0.024545172786097386	-0.05251188699218235
-0.028240915229914496	-0.05008753570828124
-0.031753700149195804	-0.047433209917012255
-0.03506750816754831	-0.044564118972711494
-0.03816745082096964	-0.041496476515706586
-0.04103983924391148	-0.03824734773662824
-0.043672244993186664	-0.034834677341238844
-0.046053556820486646	-0.03127707657049943
-0.04817403009020477	-0.027593871564551127
-0.0500253289904573	-0.023804857119021576
-0.0516005627575076	-0.019930330202636626
-0.05289431157700935	-0.015990854487231608
-0.05390264694344737	-0.012007234734265793
-0.05462314103326032	-0.008000350508400597
-0.05505486983331794	-0.003991042119329352
-0.05519840488706276	4.419208055050916e-16