-0.37410103197266364	1.363835920438
-0.3451555669416704	1.2748107699814046
-0.31803622888272565	1.197110239700751
-0.29251789705362174	1.1286804193535462
-0.2684152075328229	1.0679294564048833
-0.24557384764504311	1.01360409852218
-0.22386410196323323	0.9647050166026138
-0.2031759937702501	0.9204252970711
-0.18341556208566331	0.880106273743212
-0.16450198699256918	0.8432054241578878
-0.14636531764429256	0.8092716239527923
-0.1289446780000683	0.7779267892685896
-0.11218681878870053	0.748851959651835
-0.09604495903450741	0.7217756190340058
-0.08047782438568345	0.6964660187005216
-0.0654488656420904	0.6727238837370322
-0.050925607541381285	0.6503766188850757
-0.03687910079510546	0.6292747222256743
-0.023283468342562074	0.6092873451325309
-0.010115524000501532	0.5903001654156674
0.0026455664811557743	0.5722123732982668
0.015018557713731652	0.554935455860628
0.02702036965718612	0.5383904443110591
0.0386662948122683	0.522507798337176
0.04997018097541993	0.5072253492958307
0.06094458552876168	0.4924874703312562
0.07160090969114143	0.4782446388360887
0.08194952952613911	0.46445246262856493
0.09199989079179484	0.45107093360648864
0.10176061302983622	0.4380643430994405
0.11123956458144127	0.42540022064049643
0.12044394301359948	0.4130496695976443
0.129380340308573	0.40098645065485083
0.13805480177991397	0.38918696330375513
0.14647287832909042	0.3776297011024311
0.15463967476914786	0.366295623815353
0.16255989981423238	0.35516743510191257
0.17023789709966405	0.3442293554065975
0.17767768655911345	0.3334675910107177
0.1848829977617288	0.3228693899181419
0.19185729494389248	0.31242345869887145
0.1986038101392825	0.30211979433305636
0.2051255660718508	0.29194938439634777
0.21142539913830768	0.28190425113290185
0.21750598151201483	0.27197735064719075
0.22336983780668496	0.26216233673977146
0.22901936492967306	0.25245393410276756
0.23445685200394908	0.24284748678161305
0.23968449195085087	0.23333895825075524
0.24470439633631733	0.22392494386667774
0.2495186090989078	0.21460269359011613
0.2541291179875616	0.20536978117867338
0.2585378624834118	0.196224304101695
0.2627467476380514	0.187165026771172
0.2667576567092406	0.1781910898702844
0.2705724541909129	0.16930169783596724
0.27419299181703016	0.16049651384252292
0.2776211194465583	0.15177570129873424
0.2808586941341106	0.14313965437932674
0.28390758080606865	0.13458874991872014
0.2867696561030698	0.12612370354396926
0.28944681651065324	0.11774560365346094
0.29194098458891865	0.10945564548628592
0.2942541075779443	0.10125493902088147
0.29638815954219844	0.09314483838490244
0.2983451472814966	0.08512696622755428
0.30012711418022897	0.07720294704509514
0.30173613717514064	0.06937427268618798
0.3031743276071796	0.06164260063501882
0.3044438352500476	0.05400976746736627
0.30554685014179916	0.046477527967800615
0.306485598459729	0.039047479123720266
0.3072623424128064	0.031721316318343545
0.3078793826381292	0.02450083623394584
0.30833905837458764	0.01738769485950779
0.30864374282091206	0.010383384671390924
0.30879584232947016	0.003489438871309025
0.3087977974044145	-0.003292574200760942
0.3086520816100036	-0.009961259511481385
0.30836119693165887	-0.016515377233278408
0.3079276724730706	-0.022953694654197925
0.30735406430920653	-0.02927499706884297
0.30664295354549825	-0.03547825099418191
0.3057969420822262	-0.04156256160675004
0.3048186509782743	-0.04752707834833999
0.3037107194342917	-0.053371007551677875
0.3024758024116652	-0.05909372432309433
0.30111656704874984	-0.06469472281872725
0.29963569083190816	-0.0701735670353888
0.29803585999888205	-0.07552990210548136
0.29631976707292024	-0.08076351559584949
0.29449010804505965	-0.08587429405201594
0.2925495804797143	-0.09086220863085118
0.29050088160245047	-0.09572732236567194
0.2883467060398531	-0.10046980661383918
0.2860897437461295	-0.10508991437695363
0.28373267816087533	-0.10958798682445348
0.2812781842397699	-0.11396445630775376
0.2787289265610662	-0.11821982833998747
0.2760875579651772	-0.12235467227270694
0.27335671784821397	-0.12636964398399086
0.2705390302671053	-0.1302654816020528
0.26763710256648987	-0.13404296217330333
0.2646535245416371	-0.1377029151066277
0.26159086696633854	-0.1412462437754802
0.2584516800031951	-0.1446739173310215
0.25523849229794204	-0.1479869206496388
0.2519538105307658	-0.15118627782897648
0.24860011824893888	-0.15427307192941234
0.24517987457280027	-0.15724844116435244
0.24169551367410938	-0.1601135067767722
0.23814944508813685	-0.16286940962564891
0.23454405255664137	-0.16551735855021787
0.2308816928383704	-0.1680585825204077
0.22716469604830386	-0.17049429918323028
0.2233953650436851	-0.17282576051875082
0.21957597534187567	-0.17505420460066215
0.21570877513820522	-0.17718089606288462
0.21179598466001326	-0.17920709200580479
0.2078397970324905	-0.1811340228914564
0.20384237804724126	-0.182962948027638
0.1998058655281762	-0.18469515560194458
0.19573236885540934	-0.18633193453667546
0.19162396994733583	-0.187874498555365
0.18748272422516052	-0.18932405752894715
0.18331066039189448	-0.19068183524007853
0.17910978012753556	-0.1919490693533227
0.17488205788695133	-0.19312699200764166
0.1706294418477212	-0.19421676293763762
0.1663538550004256	-0.19521952699415218
0.16205719513427883	-0.19613643481760226
0.15774133471063495	-0.1969686428082744
0.15340812085555194	-0.19771729186374679
0.14905937639002192	-0.19838345916154304
0.14469690062616108	-0.19896821318268318
0.1403224694878462	-0.19947261559578475
0.13593783566801584	-0.1998977199473681
0.13154472901475128	-0.20024454728346167
0.12714485737613523	-0.20051408651074054
0.12273990701545047	-0.20070731524609356
0.11833154284981749	-0.20082520023209235
0.11392140872644789	-0.20086869066030133
0.10951112803769264	-0.20083870121110303
0.10510230429496013	-0.2007361304592955
0.10069652141314976	-0.2005618648049777
0.09629534398103246	-0.20031677754741686
0.091900317661044	-0.20000171725817606
0.08751296971849985	-0.19961751392858945
0.08313480933091914	-0.19916498488731213
0.07876732787383409	-0.19864493433660993
0.07441199917854066	-0.1980581566447859
0.07007027988084336	-0.19740541969547645
0.06574360997738536	-0.19668747695351588
0.06143341291868844	-0.19590508209800567
0.05714109559561442	-0.1950589909525419
0.0528680484012919	-0.19414993857595989
0.048615646201608735	-0.19317861471101164
0.04438524857237031	-0.19214572641386243
0.04017819931019427	-0.19105200387640786
0.035995826336729944	-0.18989814464259067
0.03183944254931229	-0.18868484710063133
0.027710345114127805	-0.18741282715922986
0.023609815849344528	-0.18608276691579925
0.01953912195430194	-0.1846953190501345
0.015499515985399344	-0.18325118223638484
0.011492234621280274	-0.18175108281545727
0.007518499076268987	-0.18019570105411428
0.0035795160085008914	-0.17858569696880036
-0.00032352318014363876	-0.1769218016749562
-0.0041894431912515035	-0.17520473687825966
-0.008017084165756904	-0.17343518807450214
-0.011805301325784657	-0.17161386319448557
-0.015552966207709257	-0.16974152535202258
-0.019258966872000006	-0.16781891156044135
-0.022922207229359434	-0.16584673469795658
-0.02654160738723677	-0.16382577187575778
-0.03011610499580487	-0.16175682345729955
-0.033644654907388855	-0.159640654518124
-0.03712622813755614	-0.15747798738558821
-0.040559813705623234	-0.15526976073090698
-0.04394442121179136	-0.15301684837245647
-0.047279077443713076	-0.15071997132679812
-0.05056282661750302	-0.14838002696783395
-0.05379473268439022	-0.14599787972475867
-0.05697387886878114	-0.14357444270884884
-0.060099369540595755	-0.14111072451586051
-0.06317032980616291	-0.13860754898575092
-0.06618590277596514	-0.1360658480429113
-0.06914525569774455	-0.13348679869084812
-0.07204757781920232	-0.13087121411121563
-0.07489207742504773	-0.1282201230088425
-0.07767798878508125	-0.12553474959375896
-0.08040456879242314	-0.12281595617047456
-0.08307109525647724	-0.12006487489868489
-0.08567687468577243	-0.11728284973510814
-0.08822123561256366	-0.11447058286548412
-0.09070352683901603	-0.11162938394637213
-0.09312312844689342	-0.10876053206154526
-0.09547944622553393	-0.10586525913593157
-0.09777191283568469	-0.10294468381697394
-0.10000000000000002	-0.1