-1.264911064067352	-0.6324555320336758
-1.2929047040150623	0.003839077000312323
-1.2859767655504564	0.07284404745963097
-1.2751866016308642	0.08051062274243281
-1.2639663644387547	0.08137009077174623
-1.252697848695492	0.08146583710745992
-1.24142414284809	0.08147429042484843
-1.2301502082989666	0.08147251083437075
-1.2188766369093949	0.08146943791829338
-1.207603509638131	0.08146613617574298
-1.1963308475529248	0.08146272158907071
-1.185058664729347	0.08145920912404526
-1.173786974793543	0.08145559835830796
-1.162515791606563	0.08145188367480434
-1.151245129722828	0.0814480624375397
-1.1399750042124261	0.0814441309108539
-1.1287054307253912	0.08144008481439886
-1.1174364255514273	0.08143591937599477
-1.1061680055883636	0.08143162604499345
-1.0949001882579232	0.08142720374878183
-1.083632991940868	0.0814226457458757
-1.0723664356435674	0.08141794858713589
-1.0611005391457649	0.08141310867724641
-1.0498353230901187	0.08140811845183404
-1.0385708091511217	0.08140296676172748
-1.0273070192849587	0.08139764408810266
-1.0160439768727334	0.08139215482059685
-1.0047817064345848	0.08138649037373773
-0.9935202334579736	0.08138063883929937
-0.9822595841821462	0.08137457892622398
-0.9709997862347907	0.08136831820941032
-0.9597408691183458	0.08136186167955403
-0.9484828623226879	0.08135515625175772
-0.9372257974241847	0.08134823502630396
-0.9259697080938811	0.08134107279771777
-0.914714628652903	0.08133363022300413
-0.9034605951109704	0.08132594325012238
-0.8922076461614413	0.08131796906179717
-0.8809558208998736	0.08130968901493135
-0.8697051622128742	0.08130110557915271
-0.8584557119316515	0.0812922096940241
-0.8472075178570798	0.08128296853175905
-0.8359606273985977	0.08127334962834183
-0.824715092680457	0.08126337942117086
-0.8134709654237788	0.08125299568827486
-0.8022283039528584	0.08124219476115764
-0.7909871662239465	0.08123098751420656
-0.7797476153013869	0.08121924755673639
-0.768509717599144	0.08120706316615191
-0.7572735401084445	0.08119439321920445
-0.7460391591241535	0.08118108753250113
-0.7348066523103118	0.08116729522098921
-0.7235760992388007	0.08115287288858031
-0.7123475896668103	0.08113773011793525
-0.7011212152301752	0.08112197765954747
-0.6898970730722928	0.08110552264453405
-0.6786752658023568	0.08108828842971602
-0.667455903422402	0.08107017997123511
-0.6562391021875372	0.08105115510354842
-0.6450249876287125	0.08103128528739471
-0.6338136897761757	0.08101050769438839
-0.6226053488178092	0.08098859235722794
-0.6114001149359103	0.08096562812133107
-0.6001981388671207	0.08094137340780219
-0.5889996040895716	0.08091588829891004
-0.5778046911846698	0.08088900920224736
-0.566613598572192	0.08086069763573647
-0.5554265345083765	0.08083075169822466
-0.5442437111885366	0.08079925686224554
-0.533065382242595	0.08076588085858186
-0.5218918034226431	0.08073056097988313
-0.5107232546652817	0.08069315444903066
-0.4995600349006372	0.0806535081004853
-0.4884024682131755	0.08061141736013046
-0.4772509048716592	0.08056670712172358
-0.4661057224743965	0.08051915303246164
-0.4549673308219235	0.08046851473040859
-0.4438361757894031	0.08041449840224027
-0.4327127371160961	0.08035688833528655
-0.4215975396851298	0.08029539418537354
-0.4104911545865215	0.08022956858155594
-0.3993941988890779	0.08015896736952038
-0.38830735067883126	0.08008326550157092
-0.3772313539079765	0.08000205149991287
-0.36616701959863407	0.07991465283438973
-0.355115240445057	0.07982049048868707
-0.34407699682881016	0.07971890221052697
-0.3330533670056308	0.07960915016808671
-0.32204553880866926	0.07949038088514371
-0.31105482465671574	0.0793616542545821
-0.30008267318640325	0.07922184343910624
-0.2891306974066741	0.07906981823034609
-0.27820068414096594	0.07890421684624649
-0.267294616011268	0.078723437934837
-0.256414712758612	0.07852573854605262
-0.24556344886647233	0.0783091418514765
-0.2347435939247655	0.07807136455656805
-0.2239582483357587	0.07780987842782291
-0.2132108928707627	0.07752176987693474
-0.20250544207812085	0.07720362042591385
-0.19184630916038425	0.07685163363558599
-0.18123847239873006	0.07646143480721627
-0.1706875582785644	0.07602801299249821
-0.160199934741012	0.07554566447141872
-0.14978281683184994	0.0750078169298554
-0.13944438883671822	0.07440696571321653
-0.12919394826913497	0.07373458190874703
-0.11904205222156539	0.0729809374606773
-0.1090006917467306	0.07213499456298311
-0.09908348373836293	0.07118429776101395
-0.08930587874874672	0.07011478860294149
-0.07968538128870921	0.0689108031342331
-0.07024177685368195	0.06755504825555918
-0.06099735793588738	0.06602860936078747
-0.051977135202389	0.06431114714320561
-0.04320901421041007	0.06238123196531685
-0.03472391019055828	0.06021690337764134
-0.02655577151530958	0.05779645625069748
-0.01874147078149931	0.05509952315862008
-0.011320516031349337	0.052108651598383404
-0.0043345372586628085	0.04881095606776785
0.002173488433521702	0.0452002237427807
0.008160312516504528	0.0412790753463449
0.013583780213413155	0.03706104821263871
0.01840446909802376	0.03257232461597734
0.022587517786733114	0.027852739268560654
0.026104528046247577	0.022955779170342094
0.028935383452069627	0.017947326949687783
0.031069803771995544	0.01290317498719174
0.03250847593584891	0.007905335240803973
0.03326362392513142	0.0030377920840022705
0.03335896119143822	-0.0016181019471581354
0.03282903229078202	-0.005987768885938025
0.031718039504832575	-0.010006671102308287
0.030078300874770227	-0.013622332391651332
0.027968494587284478	-0.016795239180939416
0.02545189032327937	-0.019498491822979983
0.022594664830043864	-0.021716709322304538
0.019464418926294386	-0.023444386018317085
0.016128932575908684	-0.024684151057911795
0.0126551659524307	-0.02544497907803284
0.009108470230942063	-0.025740928250457804
0.00555196575246511	-0.025590061814090192
0.002046029244830997	-0.025013904512922954
-0.0013521662962192246	-0.02403722835590211
-0.004589102855133688	-0.022688132230169352
-0.007615396176819342	-0.02099830375032716
-0.010386312726098077	-0.0190033236325506
-0.012862324927234027	-0.016742877616740967
-0.015009682966946195	-0.014260769927143063
-0.016800969229083515	-0.011604643296428185
-0.018215588797765542	-0.008825336570998408
-0.019240151255134855	-0.005975944162084175
-0.019868698823097476	-0.0031105779411136967
-0.020102747645870972	-0.00028290954265464694
-0.01995112178303454	0.002455366710298283
-0.019429586604419163	0.005055849294090441
-0.018560300263087786	0.007474698992000645
-0.017371108411539687	0.009673686798206916
-0.01589474018417971	0.011620560382966568
-0.01416794124697595	0.013289512713066876
-0.012230585734471736	0.014661118074784318
-0.010124805287222509	0.01572212089472443
-0.007894158991203734	0.01646508248396113
-0.005582856213002714	0.01688797655779405
-0.0032350357236392113	0.016993783184595945
-0.0008940981219786267	0.01679014045924245
0.0013979180613382523	0.016289052211231614
0.0036009247547287987	0.015506675149425088
0.0056773462983830125	0.014463134829440265
0.0075926568163902745	0.013182364719106995
0.00931589384114421	0.011691887372109692
0.01082013604665135	0.010022536151452304
0.012082935399591615	0.008208054100549454
0.013086686218020416	0.0062845540515335
0.013818904087438697	0.004289866944978329
0.014272414052865083	0.002262745261491818
0.014445416515016832	0.0002419911825955403
0.014341432338994507	-0.0017344504201154184
0.01396912362878236	-0.0036303677148060358
0.01334199768523649	-0.005412076048813603
0.01247800781149401	-0.007049097573124842
0.011399069158324244	-0.008514714561527014
0.010130511085370534	-0.009786346461197866
0.008700488064909103	-0.010845771262782482
0.007139368734625548	-0.01167921404966034
0.005479120729771157	-0.012277331730203053
0.0037527019443544304	-0.012635133285489774
0.001993467936253895	-0.012751839135785852
0.00023459946478092397	-0.012630724367112593
-0.0014914465557211269	-0.01227896515368122
-0.003153464482319098	-0.011707361794737697
-0.004721995431945955	-0.010930473428923412
-0.00616981401074406	-0.009965883380274545
-0.0074723578044226194	-0.008834442362327753
-0.008608137167685595	-0.007559699638310995
-0.009559091553545805	-0.006167580448182641
-0.010310887374643793	-0.004685949046656396
-0.010853150715593713	-0.003144069074539288
-0.011179618894303137	-0.0015720073578130958
-0.01128820851859924	7.83411963772851e-15