-1.3038404810405297	-0.5477225575051664
-1.3267095826138375	0.018433663294370496
-1.3187463247818423	0.07507721267283098
-1.307660178880587	0.08083019644503842
-1.2962559546442267	0.0814203314979788
-1.2848191187834401	0.08147974204215579
-1.2733791970971045	0.08148351627201718
-1.2619393106147472	0.08148127719989985
-1.2504998050107308	0.0814783128209343
-1.2390607280673656	0.08147519283360787
-1.227622095813351	0.08147198026444648
-1.2161839210865901	0.0814686750612105
-1.204746216645655	0.08146527752923423
-1.1933089956236713	0.08146178854658881
-1.1818722715806202	0.0814581990808184
-1.170436058828628	0.0814545060415437
-1.1590003722229272	0.08145070273930095
-1.1475652270748744	0.08144678997649332
-1.1361306392711776	0.0814427620791766
-1.1246966253922335	0.08143861508954743
-1.1132632026770273	0.08143434472187074
-1.1018303888608114	0.08142994159982908
-1.0903982027090369	0.08142540350239684
-1.0789666636132347	0.08142072346270278
-1.0675357916889128	0.08141589549572005
-1.0561056080202016	0.08141091155236278
-1.0446761344738096	0.081405773472882
-1.0332473939017353	0.08140047495190902
-1.0218194100500306	0.0813949990366202
-1.0103922080045538	0.0813893406391199
-0.9989658135095477	0.08138348718135756
-0.987540253615649	0.08137743917773438
-0.976115556874098	0.08137119737273432
-0.9646917530711966	0.08136472392349674
-0.9532688722514117	0.08135803052726193
-0.9418469473522993	0.0813511086073485
-0.9304260126447939	0.08134394007888754
-0.9190061030487153	0.08133649207400037
-0.9075872558089009	0.08132879764288976
-0.8961695107040555	0.08132080413325492
-0.8847529074691569	0.0813125180929816
-0.8733374901057216	0.08130391984377344
-0.8619233022218007	0.08129498183538209
-0.8505103926877817	0.08128572691240428
-0.8390988105085392	0.08127606011506411
-0.8276886084476929	0.08126606970164534
-0.8162798411779175	0.08125561239296239
-0.8048725679499507	0.0812447862722036
-0.7934668481779831	0.08123349021823785
-0.7820627480917741	0.08122169464527239
-0.7706603336626575	0.08120947361917341
-0.7592596782232856	0.08119662851970631
-0.7478608586903098	0.08118331383066116
-0.7364639527030632	0.08116937711715544
-0.7250690484961649	0.08115477069425538
-0.7136762344275858	0.0811396007170641
-0.7022856059836724	0.08112370573368115
-0.6908972646982884	0.08110699947042287
-0.6795113186181371	0.0810895031227615
-0.6681278802518031	0.08107124169751159
-0.6567470696020421	0.08105213352915155
-0.6453690178255203	0.08103193311363265
-0.6339938649320676	0.08101074928999315
-0.6226217449209109	0.08098867779626605
-0.6112528231603728	0.08096528243646621
-0.599887267811458	0.08094067956278815
-0.5885252586635684	0.08091476555129837
-0.5771669906719773	0.08088743382604681
-0.5658126593830383	0.08085865646592226
-0.5544624848866266	0.08082815652428456
-0.5431167079622349	0.0807959684190887
-0.5317755813264913	0.08076190361103476
-0.5204393767966988	0.08072582126907628
-0.5091083881661874	0.08068757018047129
-0.4977829328135401	0.08064696973682015
-0.4864633525828967	0.0806038425241033
-0.4751500177840178	0.0805579663406108
-0.4638433312918444	0.0805090857029734
-0.45254372526657927	0.08045700854532935
-0.441251672397986	0.08040149352647803
-0.429967686713022	0.08034214534795321
-0.41869232179380833	0.08027856222292369
-0.4074261841766893	0.08021052867706692
-0.3961699416637258	0.08013753654885923
-0.3849243220009841	0.08005911962938071
-0.3736901214831235	0.07997476499958395
-0.3624682132873985	0.07988390174241915
-0.3512595572227004	0.07978587097890993
-0.34006521031245307	0.07967994020846877
-0.32888633701790776	0.07956536460251742
-0.3177242202574178	0.07944109633973445
-0.3065802897128602	0.07930611485486493
-0.2954561240935456	0.07915929725216145
-0.2843534833946112	0.07899925138386701
-0.27327432128476276	0.07882458555928969
-0.2622208173706658	0.07863351332961685
-0.2511953943243361	0.07842413058684591
-0.24020078410268875	0.07819419081417182
-0.22924004213855229	0.07794121605000505
-0.2183166002009665	0.07766233236958828
-0.20743432209697843	0.07735424153217355
-0.19659756514005747	0.07701319394799483
-0.18581125078400265	0.07663490540828564
-0.17508094750098224	0.0762144224547812
-0.16441296741780556	0.07574611025490366
-0.15381446588477599	0.07522348645167547
-0.14329358092629785	0.07463912192025345
-0.13285956172272737	0.0739845401719674
-0.12252293259901932	0.07325003719155251
-0.1122956701044836	0.07242461536989313
-0.10219140255030235	0.07149572700590447
-0.09222562738966819	0.07044925006434527
-0.08241594382319639	0.06926936947416219
-0.07278229472348631	0.0679385031609939
-0.06334721302036325	0.06643735568946713
-0.054136053798086704	0.06474505384008229
-0.04517719634030799	0.06283944870981314
-0.036502190391522714	0.06069767307253091
-0.028145800172849414	0.0582969132685233
-0.020145927628510925	0.05561552453468663
-0.012543344027283881	0.05263454718275398
-0.005381188407407492	0.04933955130684885
0.001295814427010096	0.04572277846077014
0.007442457184676551	0.041785470781978765
0.013014472784816135	0.03754015869394466
0.01797026093340968	0.03301256760703534
0.022272834974017636	0.028242813936868876
0.02589186558587426	0.02328553602887044
0.0288056489081214	0.0182086418190585
0.03100280657521791	0.013090762500225755
0.03248353060873992	0.008017381173325431
0.033260226088402844	0.0030761772297918364
0.03335747746067448	-0.0016478244838596832
0.03281135223647557	-0.0060767631403500656
0.03166814156399899	-0.010143331831204328
0.02998269568135948	-0.013793154495926201
0.02781654884946626	-0.016985492185119255
0.02523599149397451	-0.019693009760883395
0.022310296893208827	-0.02190045475394969
0.019110131333720953	-0.023602874021092558
0.015706242799196652	-0.024803751390432168
0.012168407640048704	-0.025513131893638765
0.008564611568461823	-0.02574629644364342
0.0049603946123662306	-0.025522674347279468
0.0014183128874098905	-0.024865285111044848
-0.002002551711470213	-0.023800596750516056
-0.005247080497741711	-0.022358640873960126
-0.008264639717563835	-0.02057332728406934
-0.01100964573816977	-0.018482739724826062
-0.013442168202809994	-0.016129337783638474
-0.015528543892362188	-0.013559903072128303
-0.017241960439994267	-0.010825153351447557
-0.018562958495535603	-0.007978953540127828
-0.019479798909895533	-0.0050772088782499525
-0.019988653132416143	-0.002176442496883377
-0.020093579912186896	0.0006677838051907293
-0.019806278315050517	0.0034024409616129035
-0.0191456226672898	0.005978573364753495
-0.018137010238691433	0.008352390650717256
-0.0168115606291251	0.01048629645494614
-0.015205215915783526	0.01234923671940114
-0.013357798460269858	0.013916990819457697
-0.011312058682481026	0.015172030283337983
-0.009112754742907705	0.01610321912850004
-0.006805783993275275	0.016705393972029293
-0.004437374883082631	0.01697892932615636
-0.002053339430208995	0.016929319510243974
0.0003016206876500021	0.016566835691761695
0.002584564867534128	0.01590625384851868
0.004754930762327908	0.014966650369877686
0.006775125527635613	0.013771213068098523
0.008611089194026488	0.012347047032249146
0.010232827263919421	0.010724909043102967
0.011614898694892864	0.008938834762289717
0.012736842041716044	0.0070256264901213585
0.013583519362310378	0.005024205883007199
0.01414535804088574	0.0029747532095511604
0.014418467235416158	0.000917910575871816
0.014404630874921588	-0.0011062976660271978
0.014111158204482836	-0.003059361330414633
0.01355060644174523	-0.004905167263301891
0.012740385204722161	-0.006610796309984911
0.011702258898644013	-0.008147248473014033
0.010461774912637074	-0.00948969888344268
0.009047643427245585	-0.010617939685088057
0.007491083050722815	-0.011516457091227417
0.0058251587154556465	-0.012174456438702772
0.004084124913955974	-0.012585769274286077
0.002302784798955265	-0.012748723284082152
0.0005158697370688136	-0.012665980555356903
-0.00124255590214639	-0.012344353428759967
-0.0029396646731388682	-0.011794617860115665
-0.004544409428682304	-0.011031324244697395
-0.006028037079163923	-0.010072561818041142
-0.007364568735696044	-0.008939712440635473
-0.008531238810493785	-0.0076571122244281946
-0.009508885563888016	-0.006251678093399352
-0.010282274778164381	-0.004752374876731276
-0.010840355217612146	-0.003189708031885044
-0.01117642731443343	-0.001595057438581455
-0.011288219031188216	5.618693444536804e-14