1.341640786499874	-0.4472135954999579
1.308915631517631	-0.10977057773700731
1.2946879756864742	-0.08384778323747279
1.2819366502538685	-0.08168847299331325
1.2693096975437073	-0.08150100791998022
1.2566939158296957	-0.08148157398630804
1.2440795941983254	-0.08147672469795104
1.2314658923951862	-0.08147308357660257
1.2188527498061958	-0.08146945721376801
1.2062401760166597	-0.08146573020342311
1.1936281880651596	-0.08146188566008115
1.181016804310763	-0.0814579239981934
1.168406043484476	-0.08145383942883935
1.1557959256965389	-0.08144961651459072
1.1431864716531062	-0.08144526314646405
1.130577702887035	-0.08144076641099453
1.1179696422131904	-0.0814361193234044
1.1053623129150445	-0.0814313146625913
1.0927557396687386	-0.08142634477325962
1.080149948317261	-0.08142121025975828
1.0675449656938216	-0.0814158989382543
1.0549408199816506	-0.08141039998805322
1.0423375406323052	-0.08140470407116676
1.0297351582920395	-0.08139880826165594
1.0171337054038516	-0.0813926969311208
1.0045332158274587	-0.08138636027401572
0.9919337249687943	-0.08137978947440869
0.9793352701465228	-0.08137296891899164
0.9667378904744489	-0.08136589703621305
0.9541416269503609	-0.08135855776105765
0.9415465226242463	-0.0813509272620776
0.9289526233187054	-0.08134299757470011
0.9163599764497411	-0.08133473996716402
0.9037686321983012	-0.08132614846495502
0.8911786438633075	-0.08131721866148166
0.8785900679858453	-0.08130792062062221
0.8660029616582238	-0.08129821399093776
0.8534173880468394	-0.08128809875775829
0.8408334133933875	-0.0812775744305468
0.82825110730765	-0.08126655952568089
0.8156705421780504	-0.08125504418984635
0.8030917974666745	-0.08124306599191197
0.7905149546878982	-0.08123045523487932
0.7779401012771722	-0.08121736435747368
0.7653673298111884	-0.08120355871698083
0.7527967391752792	-0.08118917617185871
0.7402284357427573	-0.08117401052956173
0.7276625285188345	-0.0811582084327888
0.7150991384297251	-0.08114148718374123
0.7025383926931634	-0.08112404709956156
0.6899804235087377	-0.08110564090302845
0.6774253786356383	-0.08108621103669933
0.6648734082674752	-0.0810659146883468
0.6523246781447769	-0.0810443361721061
0.6397793698568375	-0.08102169616556862
0.6272376655373942	-0.08099781886876435
0.6146997628095296	-0.08097249183554915
0.6021658931920519	-0.08094572311601421
0.5896362906358846	-0.08091735966790509
0.5771112127914297	-0.08088725684869152
0.564590925065341	-0.08085545962459786
0.552075722454806	-0.08082153677266367
0.5395659301575918	-0.08078551169021568
0.5270618941339568	-0.08074714950326088
0.514563988819439	-0.08070627235805794
0.5020726228417497	-0.08066264018446383
0.4895882401846174	-0.08061601181979422
0.47711132441595033	-0.08056613120904339
0.4646424046643362	-0.0805126413388526
0.452182058308909	-0.08045530042651755
0.4397309163963238	-0.08039372582911765
0.42728967150318636	-0.08032746228361695
0.4148590817736946	-0.08025599215276227
0.4024399799447538	-0.08017888859939364
0.39003329351012345	-0.08009551515778976
0.3776400430904298	-0.08000521810813349
0.3652613570010756	-0.07990725078389792
0.3528984859616723	-0.07980076215918461
0.3405528208122507	-0.07968479456337442
0.32822591026154924	-0.07955830058805344
0.31591947522769476	-0.07942000723722617
0.30363545505932715	-0.07926848415824339
0.2913760157770721	-0.07910213607355976
0.27914359902246016	-0.07891907548078583
0.2669409440005664	-0.07871722504915309
0.25477114407708357	-0.07849423671202795
0.24263769700108104	-0.07824711572706637
0.23054457867812342	-0.07797267122991969
0.2184963021619217	-0.07766715085565304
0.20649800819310002	-0.07732619113070957
0.19455556674420244	-0.07694471460480626
0.1826756921537306	-0.07651686767949117
0.17086608213187826	-0.07603576835267763
0.1591355754644122	-0.07549355977236606
0.14749433511589055	-0.07488092028105692
0.13595407192829143	-0.07418717106035139
0.12452828081858876	-0.07339988891125077
0.11323252579648704	-0.07250475229544326
0.10208475229218955	-0.07148525237545074
0.0911056409580478	-0.07032254193664599
0.08031898389116261	-0.0689952637050459
0.06975208016857126	-0.06747946002517033
0.05943613407776885	-0.06574867251881819
0.04940662255202538	-0.0637742344887751
0.03970359522368015	-0.061525868875195046
0.030371837676793995	-0.058972891965201384
0.021460835949123982	-0.05608559684741841
0.013024445638584023	-0.05283766818037935
0.00512016010280334	-0.04920895032649711
-0.002192110359521905	-0.04518900254260528
-0.008851830166476952	-0.04078080320941595
-0.014800203191328912	-0.036004433683350746
-0.0199830627150813	-0.030899994825634165
-0.02435410652749435	-0.025529070493747957
-0.027878203879911037	-0.01997407875903814
-0.030534409989694818	-0.014335154417479701
-0.03231831278752797	-0.008724633932713076
-0.03324338104071572	-0.003259872387311191
-0.033341124244092794	0.001944732717827117
-0.03266005527471657	0.006785008517307784
-0.031263638618412685	0.011172779769788298
-0.029227535160811714	0.015039013964468401
-0.02663650743687735	0.01833505878317405
-0.023581359828532825	0.021031278784500014
-0.020156150836219952	0.02311476132936023
-0.01645584470561747	0.024586202733609664
-0.012574439755708787	0.025456905637613103
-0.008603530782426863	0.025746267118979264
-0.004631203807956292	0.025479962801367412
-0.0007411458446663591	0.02468907562739448
0.00298816127930939	0.023409766234335987
0.006484242860420257	0.021683550454577188
0.009681499284683067	0.01955781358220349
0.012522151291373197	0.017086257721597265
0.014957235647857187	0.014329056517282654
0.016947585136497145	0.011352466746269066
0.018464697981722	0.008227784097692113
0.019491395136103127	0.0050296503531035335
0.02002216996864016	0.0018338066726765853
0.020063162639161643	-0.0012854670147742111
0.019631731674596545	-0.004257946477121701
0.01875564479688846	-0.007019729922970288
0.017471942943216415	-0.009515168644216475
0.0158255749958154	-0.011697972949989022
0.013867875932558227	-0.013531861713444442
0.011655030496424974	-0.01499050687140307
0.009246546895405033	-0.016057186378491104
0.006703823706253532	-0.016724092657389972
0.004088821195648679	-0.016991622754594742
0.0014628395832849026	-0.016867849945625908
-0.0011146052225859148	-0.01636767614685869
-0.0035868297383788842	-0.015512686832088046
-0.005900976944097422	-0.014330704811518895
-0.008008963273027683	-0.012855505788402902
-0.00986837173785317	-0.011126452896593668
-0.011443278597276289	-0.009187958373505072
-0.012704979933188308	-0.007088743146613773
-0.01363257648127912	-0.004880715215405424
-0.014213379837337156	-0.0026177733158978473
-0.01444310503494569	-0.00035433574510093977
-0.01432582573578328	0.0018562777994513336
-0.013873683979899297	0.003963420735109242
-0.013106371840348628	0.005920432844018513
-0.012050414349343758	0.007685856813433069
-0.010738291279259838	0.009224343242092859
-0.009207448686597513	0.010507163360355265
-0.007499246296526919	0.0115125109141408
-0.005657879548888429	0.012225546935756781
-0.0037293087297626372	0.012638282478905508
-0.0017602149586319717	0.012749353120281194
0.0002030046114411951	0.01256374121581889
0.0021151983078866337	0.01209250859381215
0.003933365762853052	0.011352371144824226
0.005617541077947587	0.010365602084613413
0.0071315797159734046	0.009159403621908074
0.008443910843223683	0.00776548971637392
0.009528187191838103	0.006219506812054408
0.010363831321150952	0.0045602179984865435
0.01093645371117491	0.002828628691288065
0.011238115464623624	0.0010668946603572301
0.011267423764638839	-0.0006827832927950716
0.011029452253494339	-0.0023792651721195207
0.010535489587909907	-0.003983519817631437
0.009802620189577173	-0.005459936712876826
0.008853162521183884	-0.006776583422446237
0.007714005811071935	-0.00790644218962312
0.006415844592207944	-0.008827469346755356
0.004992362975529668	-0.009523078638834979
0.003479388039304113	-0.009982205543055598
0.001914030459201751	-0.010199319017637098
0.00033383308671959414	-0.010174348640785393
-0.001224062589177232	-0.009912520633439554
-0.0027237216791461787	-0.009424152466508295
-0.0041311842842189205	-0.008724389699352754
-0.005415188066116877	-0.007832876302750605
-0.006547833780845634	-0.006773343214003503
-0.00750518039220372	-0.0055731041915283025
-0.008267754368416333	-0.004262447339334919
-0.008820956958051008	-0.0028739236557870232
-0.009155354379240107	-0.0014415633266494764
-0.00926683907773701	6.938893903907228e-18