-0.29417178678757466	1.383279783651218
-0.24122324351156899	0.7169726683140962
-0.20957615152895454	0.4833333986571214
-0.18693158660602405	0.3648856772531609
-0.16925722043495567	0.2937184035447433
-0.15472068176730716	0.24651176475759
-0.14233434821447766	0.21309136940829645
-0.13150590461924053	0.18830752290407238
-0.12185306752385955	0.16927390505615797
-0.11311555953427577	0.15424713932432124
-0.1051088402111793	0.14211260200269296
-0.09769787240138988	0.13212464945181354
-0.09078131468713249	0.12376582684516
-0.0842815652284125	0.11666610606060542
-0.07813819648312334	0.11055412474933736
-0.0723035289084372	0.10522633675422767
-0.06673951866375175	0.10052726869665284
-0.06141554672298441	0.09633616113047386
-0.05630680217871495	0.0925578512949762
-0.05139307828890608	0.08911634937167782
-0.04665786973386602	0.08595029075783348
-0.04208767290489763	0.08300956586595518
-0.037671446940239633	0.0802528945337298
-0.03340018916735003	0.07764595562272834
-0.029266596879566453	0.0751600404467582
-0.025264795296903442	0.07277094037542187
-0.02139011583079225	0.07045812083234675
-0.01763891644736876	0.06820413418301552
-0.014008427382282196	0.06599407328275246
-0.010496625541255196	0.06381519748319997
-0.007102125655752688	0.06165662469494198
-0.0038240867061967	0.05950908547691487
-0.0006621300955793043	0.05736472980047417
0.002383732785271049	0.0552169687461258
0.005313165589151188	0.053060366505126834
0.00812556638766642	0.050890521044743425
0.01082012172120691	0.048704008120265485
0.013395857634858949	0.04649830922544176
0.015851686959812022	0.04427174839606507
0.018186454080176825	0.042023465124466065
0.020398977200789745	0.039753351352803716
0.02248808923702142	0.03746203407073305
0.024452674840688575	0.03515082692839607
0.02629170790577386	0.032821658307232056
0.028004283951908644	0.030477146489583197
0.029589654175392645	0.02812036599862308
0.03104724954267013	0.02575492127761922
0.032376711600157045	0.023384931081144523
0.033577913103076146	0.021014880772010275
0.03465097918608573	0.018649561538251664
0.03559630371681449	0.01629407853099385
0.036414561532557954	0.013953756523992045
0.0371067185639215	0.011634009539457302
0.03767403793456764	0.009340351168993665
0.03811808126849619	0.0070783274859449255
0.038440707637097664	0.00485339201792132
0.03864406921289387	0.0026708755991031357
0.03873060287790204	0.000535974294483421
0.03870301933857029	-0.0015463701764438522
0.03856429042434989	-0.0035714841757642545
0.038317632938272644	-0.0055349827324663895
0.03796649143915586	-0.007432830355484235
0.03751451958501384	-0.009261344550834095
0.036965560009576716	-0.01101721749906219
0.03632362427250116	-0.012697525505549341
0.03559287159633908	-0.014299714448495187
0.03477758921870641	-0.015821657036613656
0.03388216810247614	-0.017261550309787863
0.03291108980882961	-0.018617951641215692
0.0318689020700224	-0.01988973495980182
0.030760204782484105	-0.02107619973605835
0.029589630919123616	-0.022176836975233642
0.028361831134073368	-0.02319141694109008
0.02708146025977065	-0.02411999515826672
0.02575316491585601	-0.024962864448312708
0.0243815722971335	-0.025720483610803268
0.022971278577541412	-0.026393485892024816
0.02152684123296325	-0.02698266627412228
0.0200527709220129	-0.02748895664456883
0.018553524734977667	-0.027913405321331915
0.017033500455279228	-0.028257166457707303
0.015497031087813487	-0.028521470208062078
0.013948381007792145	-0.02870762086852501
0.012391741944850645	-0.028816997115495107
0.010831229476205559	-0.028851035200499715
0.009270880311723084	-0.028811213749520056
0.00771464912287011	-0.02869908381451961
0.006166406259365859	-0.028516215506008847
0.004629934582847183	-0.028264265985871433
0.003108927256078696	-0.027944902645117342
0.001606984334153367	-0.027559890101975855
0.0001276102765649002	-0.02711100970927086
-0.0013257901091573894	-0.026600150349050132
-0.0027499143559456952	-0.026029223727495776
-0.004141567344630025	-0.02540026374755897
-0.005497663150869213	-0.024715317601687374
-0.006815234972022812	-0.02397666769339532
-0.008091434718430239	-0.023186489257063715
-0.009323537542809828	-0.0223471553013012
-0.010508952378501708	-0.02146116609728282
-0.01164522140174924	-0.020531088132272734
-0.012730031506520821	-0.019559544918756583
-0.013761216074975116	-0.018549409804545173
-0.014736761113392897	-0.017503500101954048
-0.015654813428302945	-0.016424802438906684
-0.01651368228425298	-0.015316460386344977
-0.017311846953182587	-0.014181579819763718
-0.018047961463773205	-0.013023452337959679
-0.01872085691741359	-0.011845421228313191
-0.019329547546708806	-0.010650852828148951
-0.019873232666860724	-0.009443220541844065
-0.020351298623126093	-0.008225997244577898
-0.02076332174312198	-0.007002695544666482
-0.021109068302858452	-0.0057768321319921715
-0.021388494763394873	-0.004551920910736436
-0.02160174701777845	-0.0033314482721460534
-0.021749158758528158	-0.0021188621824019017
-0.021831248882948295	-0.0009175536869214687
-0.021848717851494944	0.00026914750352554105
-0.02180244433944401	0.0014379982243755167
-0.021693478960646863	0.0025858870779051886
-0.021523038910936258	0.0037097577703518302
-0.021292502460341332	0.004806731938352005
-0.021003400761711182	0.005874024885859685
-0.020657411110701938	0.006909031135060936
-0.02025634841213074	0.007909262463214876
-0.019802157141926176	0.008872427094709623
-0.019296903035609686	0.009796322962534701
-0.018742762909970453	0.010679072857232111
-0.018142014191646638	0.011518799328090613
-0.017497032619890596	0.012313757143598218
-0.01681027852264505	0.013062590346627172
-0.016084284964608793	0.013763941648230433
-0.015321653249385562	0.014416652766375994
-0.014525042990547847	0.015019720903029185
-0.01369716318146473	0.015572327186049945
-0.012840764055919785	0.0160737567455261
-0.01195863033001101	0.016523474661709274
-0.011053570746164273	0.016921089359295684
-0.01012841334762663	0.01726631275943965
-0.009185996179181543	0.0175590393290261
-0.008229161416794216	0.01779923166877444
-0.007260748525221409	0.01798702830330815
-0.006283587085592134	0.018122644251835254
-0.0053004917288576835	0.018206431984351398
-0.004314254773410386	0.018238847283819196
-0.003327641435797321	0.018220448232605907
-0.002343383493724581	0.01815190505555852
-0.0013641738599359477	0.018033986381359758
-0.0003926612638448717	0.017867555389889718
0.0005685551123010535	0.0176535823833645
0.0015169311404892546	0.01739312665940145
0.0024499823347017137	0.017087340648297273
0.0033652896797965377	0.016737485192398656
0.00426050423675413	0.016344889865523647
0.005133351845415815	0.015910995951068433
0.005981638888458315	0.015437328090021506
0.006803255961259958	0.014925484849252088
0.007596183695524824	0.014377189720867203
0.008358497200032877	0.013794203115698145
0.009088369254821848	0.013178398090145288
0.009784077136343062	0.012531735369433384
0.010444004395644288	0.011856198998909826
0.011066646001165602	0.011153924499467597
0.011650613284386425	0.010427058897051204
0.012194635326785186	0.009677819351255737
0.01269756199228467	0.008908457551725535
0.013158368517072305	0.008121347616401995
0.01357615817257967	0.007318845502962849
0.013950163298211386	0.006503362356416146
0.014279747345274397	0.005677340025397361
0.014564406323597352	0.004843232312331956
0.014803769710861905	0.004003510365880514
0.014997600715986992	0.003160652243908473
0.015145796147740441	0.0023171178719776134
0.015248386113738367	0.0014753654632271057
0.01530553297533993	0.0006378258655132162
0.01531752898556469	-0.00019312254518178535
0.015284795462726661	-0.0010151075338497282
0.015207879266781126	-0.0018258396816309853
0.015087450864674268	-0.0026230667308070155
0.0149242997182822	-0.0034046141876203258
0.01471933197541513	-0.004168377946431438
0.014473565035962414	-0.004912305725055854
0.014188124652142507	-0.005634524982803429
0.013864235549320012	-0.006333147487378399
0.013503223845927646	-0.00700638064770156
0.013106506947769561	-0.007652636798368552
0.012675588814183037	-0.00827031768466989
0.012212053869001073	-0.008857979998784264
0.011717562305592717	-0.009414324733245626
0.01119384409590056	-0.009938104756581708
0.010642691964508783	-0.010428177489882527
0.010065956043490719	-0.010883555121119255
0.00946553918652153	-0.011303355380583892
0.008843388322110474	-0.011686781209620894
0.008201490464013098	-0.012033155373329805
0.007541866258515554	-0.01234190927780061
0.006866564022037797	-0.012612586873079748
0.006177654180057835	-0.012844827400287537
0.005477225575051661	-0.013038404810405298