0.7745966692414834	-1.1832159566199234
0.7019468810719441	-0.3452624803902936
0.6739331724626689	-0.17275447600529126
0.6578335394885054	-0.11541885173270637
0.6459049873949203	-0.09432269684552143
0.6355399256383741	-0.08625293330286164
0.6257792666833968	-0.08309215649208505
0.6162574895934485	-0.0818269572668444
0.6068324009915864	-0.08130600498809164
0.5974478459178915	-0.08108115071961758
0.5880813782402853	-0.08097532697713322
0.5787239481243688	-0.08091762657878618
0.5693719028075112	-0.0808792376193649
0.5600237938807316	-0.08084830431932973
0.5506790875045171	-0.0808198539460779
0.5413376364038748	-0.08079175563586392
0.5319994627671865	-0.08076305224671021
0.5226646657398036	-0.08073328553284254
0.5133333842246571	-0.080702199882504
0.5040057805375479	-0.08066963050453957
0.49468203440151104	-0.08063544123447845
0.4853623399475428	-0.08059951350183926
0.47604690556274454	-0.08056171981990397
0.4667359550590713	-0.08052192133201848
0.45742972633462475	-0.0804799945334743
0.44812847609754214	-0.08043578213075184
0.4388324767503372	-0.08038910208087313
0.42954202329986857	-0.0803398234171906
0.4202574289420185	-0.08028769645161636
0.41097903293204063	-0.08023254838499436
0.40170719975413016	-0.08017413237116007
0.39244231840577637	-0.08011220894116014
0.38318481055586473	-0.08004652410199382
0.37393513098893066	-0.0799767408074667
0.36469377055333757	-0.07990253236406986
0.3554612596600313	-0.07982356618174952
0.34623817139257407	-0.07973943810529995
0.3370251271305791	-0.07964971633992099
0.3278227999292945	-0.07955395078080571
0.3186319220906566	-0.07945158188539264
0.309453288908979	-0.07934200125360123
0.3002877663887624	-0.07922462957279837
0.29113630051596084	-0.0790987124976311
0.28199992233308374	-0.07896345966971763
0.2728797567653536	-0.07881804806415048
0.2637770397057258	-0.07866150118421576
0.2546931128446477	-0.07849271507053876
0.24562946123518614	-0.07831051350117434
0.2365877122607795	-0.07811355708340044
0.22756965530548146	-0.07790038636593181
0.21857726023477841	-0.07766932746107445
0.20961269892097972	-0.07741852169318761
0.20067836949105433	-0.0771459136853454
0.19177692211947678	-0.07684921028666461
0.18291128963198053	-0.07652583943879575
0.17408472069208966	-0.07617292010021308
0.1653008164351103	-0.07578717488277946
0.15656357122233414	-0.0753650267450737
0.1478774268839237	-0.07490239975681195
0.13924731775921895	-0.07439479185765882
0.13067873060647092	-0.07383715687092897
0.12217776689675153	-0.07322387053345436
0.11375121522628202	-0.07254871014968238
0.10540662457076394	-0.07180469134497411
0.09715238907680573	-0.07098417219911661
0.08899783399490505	-0.07007870047553419
0.08095330575703444	-0.06907904844460429
0.0730302654463597	-0.06797515910985731
0.06524138170576194	-0.0667562003725114
0.057600618495034596	-0.06541061054045279
0.05012331426228635	-0.06392620581293239
0.04282624592859442	-0.06229032384575522
0.03572766395408287	-0.060490149973810754
0.02884729912810005	-0.05851298164794519
0.02220632163189208	-0.05634669567257341
0.015827240367171008	-0.05398035262549692
0.009733731444074306	-0.05140483538335073
0.0039503811703586215	-0.048613609118758984
-0.00149766214774165	-0.04560370909659755
-0.006585144349451929	-0.042376357751561906
-0.011287257239468156	-0.038938187470177694
-0.015580294310614903	-0.035301766992937446
-0.01944236913072439	-0.031486076195042775
-0.02285418453736256	-0.027516919827001902
-0.025799810163624506	-0.023426680885564714
-0.02826741328184676	-0.019253751490482172
-0.03024989956456133	-0.015041506007606722
-0.03174541173423045	-0.010836899337712574
-0.03275764609792289	-0.006688755697504321
-0.033295961903809866	-0.00264591449144546
-0.033375276845302344	0.0012445862390958067
-0.03301575946134618	0.004939191592902221
-0.03224234759730773	0.00839914927379447
-0.031084135231559597	0.011591428463621349
-0.029573677333363236	0.014489196432429276
-0.02774626214124878	0.01707209623063454
-0.025639182044680183	0.019325627497150177
-0.02329107413318104	0.02124094881323507
-0.020741308738787836	0.022814102334106637
-0.018029468334162437	0.024045263916362424
-0.015194910890243494	0.02493802109520889
-0.012276410630222442	0.025498783443868734
-0.00931186495110438	0.02573624512428889
-0.0063380535505206176	0.025661003009490643
-0.0033904309003697924	0.02528534423218206
-0.0005029399239273078	0.024623137003142923
0.0022921712164217373	0.023689839136020862
0.004964536596933751	0.022502575902205793
0.007485872293836626	0.021080260261302282
0.009830190811664022	0.01944372975441232
0.011974028338761423	0.017615836140502383
0.013896677383901924	0.015621327914674117
0.015580413104517538	0.01348717405030821
0.01701072234356776	0.01124180193006259
0.018176473323604236	0.00891528827695167
0.019070070230347732	0.006538645660625198
0.019687539812339186	0.004143423434857024
0.020028557808723993	0.0017611027906559123
0.020096406069571818	-0.0005775074396442831
0.019897858834014022	-0.0028428852474642135
0.01944300154558664	-0.00500735728118868
0.018744993255221568	-0.007045505083038438
0.017819770908619064	-0.008934705295464748
0.016685728728723332	-0.010655159308574686
0.015363367496099616	-0.0121902055463835
0.013874933395901368	-0.013526308192594795
0.012244057776461226	-0.014653028514096965
0.010495405110469305	-0.01556290725787356
0.008654336636031641	-0.016251324317621135
0.006746591823621597	-0.01671633043408615
0.004797989081633714	-0.016958478601368603
0.0028341458040176512	-0.01698067023819147
0.0008802147978781886	-0.01678802183083372
-0.0010393653119344065	-0.016387757388631696
-0.0029011084972553865	-0.015789118163621402
-0.0046827103940383615	-0.015003297659729986
-0.006363269861388692	-0.014043366414989532
-0.007923501971791173	-0.012924201582418832
-0.009345941508382081	-0.011662390048075993
-0.010615133188477111	-0.010276096335522669
-0.011717806795196198	-0.008784911456262375
-0.012643028007437591	-0.007209626277826445
-0.01338232315660444	-0.005571977057532316
-0.013929771049622933	-0.003894337972470687
-0.014282057619915137	-0.0021993833872066366
-0.014438490072641792	-0.000509725335199181
-0.014400968689400101	0.0011524542369021028
-0.014173916344545155	0.0027657622943920586
-0.013764167553611885	0.004309927998505474
-0.013180820579058889	0.005766099984931426
-0.012435057577035127	0.007117105565218406
-0.011539938610149292	0.008347652287306828
-0.010510175700450078	0.009444472897203232
-0.009361893091771288	0.010396417490263848
-0.008112379448046181	0.011194499074377114
-0.006779836953097857	0.011831900806402737
-0.005383131317961986	0.012303953867777039
-0.003941545671806821	0.012608094563567204
-0.002474540338409088	0.012743808612498965
-0.0010015192990042495	0.012712569859042198
0.0004583942195564151	0.012517764940211777
0.0018865784721349367	0.012164647967191078
0.0032651116426007324	0.011660120498308672
0.004576992981364599	0.011013086008481495
0.005806314901195295	0.01023368643817067
0.0069384525504413395	0.009333825286494334
0.007960228750214097	0.008326694689281494
0.008860067740871579	0.0072267544123258325
0.009628128834489552	0.006049539437424651
0.010256420101551965	0.004811465228276896
0.010738887529170089	0.003529605444603856
0.011071477457465824	0.002221451111856768
0.011252170085064113	0.0009046521955829241
0.011280982621655743	-0.0004032485290324015
0.01115993996460465	-0.0016850762309185963
0.010893025150462261	-0.002924244132308665
0.010486078206029521	-0.00410516338666364
0.009946693508372656	-0.00521314791023989
0.009284084190050366	-0.006234912266312983
0.0085089201899989	-0.007158532543513764
0.007633162420124168	-0.007973642953851827
0.006669875614297794	-0.00867150683394335
0.00563303829436852	-0.009245069404744947
0.004537344913532105	-0.009688999355783347
0.0033980067955369994	-0.009999688135597368
0.0022305528115079613	-0.010175245545713467
0.001050631881724719	-0.0102154798574701
-0.00012618108955383505	-0.0101218572127288
-0.001284574685725732	-0.00989746098007351
-0.002409684624244885	-0.009546931891646397
-0.0034872709479450573	-0.009076422995125993
-0.004503886937715364	-0.008493497742816023
-0.005447038670895318	-0.007807052705072178
-0.006305333768386464	-0.007027218932715762
-0.007068616874794886	-0.006165247043207738
-0.007728090364995688	-0.005233362601483173
-0.008276418040918911	-0.004244606170151533
-0.008707809812712212	-0.003212655741106129
-0.009018085453522786	-0.002151635226552639
-0.009204715643110317	-0.0010759290106326894
-0.00926683949634318	3.3059995419735855e-17