0.11081679131390468	-1.4098651136768123
0.05338204517174327	-0.6994481385794626
0.019920190819874437	-0.4655781714044224
-0.003788336949003448	-0.3485743236454446
-0.022126022695424703	-0.27766217884444877
-0.03701644285577204	-0.22944446548448091
-0.04946870722501489	-0.19396332526663848
-0.060073570449801356	-0.1662793494088145
-0.06920388463929654	-0.14367813472997865
-0.07710855183117954	-0.12455720287213544
-0.08396145783824542	-0.1079212084105518
-0.0898890612685742	-0.09312923402214188
-0.09498693138637833	-0.07975903307075109
-0.09933012883944164	-0.06752828748008817
-0.10297995783748318	-0.05624711295783729
-0.10598845230269452	-0.045787166045912334
-0.1084013753334699	-0.036061711053047674
-0.11026023440821436	-0.02701136458739155
-0.11160359502183814	-0.01859458866217992
-0.11246791409522339	-0.010780385892830962
-0.11288801859790126	-0.0035440403857541778
-0.1128973666331806	0.0031365483575760415
-0.11252814246093704	0.009282767352119303
-0.11181125599313456	0.014916534382828054
-0.11077629158851061	0.020060848769159062
-0.10945143765373495	0.024740011704625888
-0.10786341336266377	0.028979422117157615
-0.10603741644687387	0.032805189535423884
-0.10399708632187948	0.036243851808160275
-0.10176449771670724	0.0393218864072703
-0.09936017441741299	0.04206524517846908
-0.09680312763939627	0.044499123767918286
-0.09411091379564812	0.046647630846388975
-0.09129970412150273	0.04853351881978899
-0.0883843666652022	0.050178116282319364
-0.08537855745134212	0.05160121556224046
-0.08229480883215227	0.05282102119952657
-0.07914462640076808	0.053854152660158014
-0.0759385801835919	0.05471566867684419
-0.07268639472033006	0.05541914823994549
-0.06939703451536358	0.055976775763924375
-0.06607878545914925	0.05639941441905468
-0.06273932970373837	0.056696572032713326
-0.059385820398187385	0.05687680121690609
-0.05602493838021114	0.05694747083027462
-0.05266295484682058	0.056915077700033005
-0.04930578660410612	0.05678521243584327
-0.04595904306029466	0.0565627012145776
-0.042628069376674016	0.05625168694155109
-0.03931798573951147	0.055855635955131724
-0.03603372161826386	0.05537761315119322
-0.03278004331032818	0.05482001871694746
-0.029561582395459154	0.05418497843386685
-0.026382858282398794	0.05347427560938792
-0.02324829591509959	0.052689353379981624
-0.02016224044214672	0.051831419220074886
-0.01712896962458461	0.05090155056253345
-0.014152703116126666	0.04990068362579326
-0.011237607050850501	0.04882968803806226
-0.008387797122127222	0.047689411912528575
-0.0056073383643047495	0.0464807325320459
-0.0029002419982040836	0.04520459924621209
-0.00027046002816354196	0.043862084615461774
0.002278123936201864	0.04245442438231399
0.004741704516777488	0.04098306127447141
0.007116568736986565	0.03944966524694221
0.009399110465419455	0.03785620665782071
0.011585847933717034	0.03620493170565177
0.013673443414148443	0.03449845659277059
0.015658721885064248	0.03273971997607187
0.01753869415319524	0.030932027589885124
0.019310577202615392	0.02907911358192088
0.020971818920862334	0.027185017205043308
0.022520116415046823	0.02525417131864566
0.02395344077171876	0.023291392967852594
0.025270056337924913	0.021301821251666308
0.026468539893069645	0.019290891005406128
0.02754779792667489	0.017264310228916873
0.02850708130404818	0.015228029534811834
0.029345997280662645	0.01318818286084926
0.030064518708042262	0.011151007964753757
0.03066299072031772	0.00912285010988623
0.031142133180994652	0.007110049823891022
0.03150303853495937	0.005118903875367852
0.031747170370999944	0.003155633538066112
0.03187635304961789	0.0012262801879376773
0.03189276421302052	-0.0006632926815954031
0.0317989182845803	-0.002507494545201213
0.03159765337102784	-0.004301013282013215
0.03129210970836433	-0.006038874911976391
0.030885712762830517	-0.007716455717119804
0.030382148075276002	-0.009329511101601165
0.02978534190187995	-0.010874203075795192
0.029099433220301736	-0.012347095147151517
0.02832875425298383	-0.01374512095542911
0.02747780512504279	-0.015065661459471188
0.02655122886604143	-0.01630646015047465
0.025553790283355866	-0.01746567600872138
0.024490353395463408	-0.018541785241919108
0.0233658600767832	-0.01953364005285688
0.02218531165462194	-0.02044041430913681
0.020953749006964575	-0.021261558031678902
0.01967623698497782	-0.02199683100170409
0.018357845868294097	-0.022646254823040696
0.01700364104609154	-0.02320998448891402
0.015618668427554853	-0.0236885347118902
0.014207940286708848	-0.024082515543929046
0.012776426839368166	-0.02439273633553617
0.011329045691426266	-0.024620169897125465
0.00987065267366353	-0.024765934636208745
0.00840603362185778	-0.024831281766169
0.00693989662509493	-0.02481759179047463
0.005476864653015681	-0.024726366304861917
0.004021468572517877	-0.024559224048407238
0.002578140266254864	-0.024317897055896234
0.0011512059034945886	-0.024004235118610467
-0.00025512070521795246	-0.02362019523373168
-0.001636745195944498	-0.023167865386448907
-0.0029896993602781595	-0.022649431737092416
-0.004310148327412469	-0.02206722679121933
-0.005594397979235618	-0.021423681541137052
-0.0068389023776449336	-0.020721395216946208
-0.008040272062546339	-0.019963050656714547
-0.009195280655157886	-0.019151517025871537
-0.010300874799161492	-0.018289747847745393
-0.011354179545155066	-0.017380885138126217
-0.012352510347453707	-0.016428176358481168
-0.013293376593212551	-0.015434983070376539
-0.014174490862733048	-0.014404823807951045
-0.014993777699286438	-0.013341324617409401
-0.015749377539004693	-0.012248226489217492
-0.01643965611977833	-0.011129350524966988
-0.01706320671369715	-0.00998864877362125
-0.017618857722758764	-0.008830071616258765
-0.018105674092967636	-0.007657721712694934
-0.018522961484557617	-0.006475626326466781
-0.018870267559675986	-0.005287947378933968
-0.01914738174175175	-0.004098737199004338
-0.01935433617392521	-0.0029121156848192255
-0.01949140171957034	-0.0017320959067669615
-0.019559086910530404	-0.0005626726933698348
-0.019558132516531858	0.0005922666729048542
-0.019489506241079105	0.001728929773949634
-0.019354396314724465	0.00284364169439672
-0.019154203734721386	0.003932873376067399
-0.018890534223633022	0.0049932222698778565
-0.01856518860562441	0.006021486958438055
-0.018180151798374514	0.007014621912766047
-0.01773758402728766	0.00796975671815995
-0.017239807890746344	0.008884246005810672
-0.016689297555057932	0.009755609043818812
-0.01608866676007822	0.010581600137958865
-0.015440656207449539	0.011360159246641067
-0.014748122076436011	0.012089442271084527
-0.014014023178815614	0.012767810071212622
-0.01324140930912349	0.013393824728874518
-0.012433408862002842	0.013966257031016208
-0.011593217412281268	0.014484061745908883
-0.010724086072128542	0.01494640397916071
-0.009829309946062076	0.015352623982514992
-0.008912217708436967	0.01570224155960215
-0.007976161425513252	0.015994955848827524
-0.007024504885393715	0.01623065234609815
-0.006060614832146214	0.01640936096844728
-0.005087850628938186	0.016531285990413938
-0.004109555531294541	0.016596782475642027
-0.003129046948007084	0.01660635668045984
-0.002149608197737916	0.01656066797119363
-0.0011744794098711062	0.016460510377129436
-0.00020684947501899863	0.016306831066887902
0.0007501523779717784	0.016100700325430706
0.0016934645854426976	0.015843339240295823
0.0026201010854887993	0.015536086478200878
0.0035271591727852264	0.015180423407734426
0.0044118270814121575	0.01477794341991748
0.0052713908573951635	0.014330396377376034
0.006103244704459347	0.013839645426334965
0.006904893592931315	0.013307597960115804
0.0076739610345259975	0.01273639575941822
0.00840819961201708	0.012128226624414323
0.009105494133651833	0.011485396101290962
0.009763868659153838	0.010810313282294965
0.01038149236531019	0.01010548333627788
0.010956684965376856	0.009373499998875661
0.011487921883784788	0.008617040438644752
0.0119738387018317	0.007838853027042703
0.012413235223347294	0.007041749575895203
0.012805078975591114	0.006228598207024268
0.013148508087123895	0.005402303555751762
0.013442833184024498	0.004565809988847539
0.013687539590125695	0.003722078977854098
0.013882287474311845	0.002874085620268038
0.014026912491601169	0.002024777044418507
0.014121424978161304	0.0011771167795666983
0.014166007913278898	0.00033403299463646044
0.014161016479029516	-0.0005016245123673636
0.014106972993381204	-0.0013270240982347964
0.014004564876609818	-0.0021394099126585352
0.01385464049087608	-0.002936096635665102
0.01365820226666923	-0.00371451670180911
0.01341640786499874	-0.004472135954999579