-1.140175425099138	0.8366600265340758
-1.0856206836125295	0.17703925660031858
-1.068125010031715	0.09600213276835712
-1.0557352125310675	0.08371060985884882
-1.0441318321560253	0.08177602170967857
-1.0326535636551986	0.08146107748984878
-1.0211961572992374	0.08140489820493542
-1.0097428506596868	0.08139075883570196
-0.9982909139359732	0.0813834446835825
-0.9868399123790811	0.0813771272551648
-0.9753897965465461	0.08137080429271637
-0.9639405821312613	0.08136430174567455
-0.9524922980129427	0.08135757520739623
-0.9410449768700687	0.08135060869640445
-0.9295986524023837	0.08134339645219672
-0.9181533608100099	0.08133594359564356
-0.9067091394184091	0.08132818339846301
-0.8952660271688475	0.08132016386533178
-0.8838240664190794	0.08131182737018189
-0.872383299231883	0.08130318533428502
-0.8609437725192498	0.08129420378356167
-0.8495055325242445	0.08128487780323655
-0.8380686314837675	0.08127518432751818
-0.8266331205507611	0.08126510708273874
-0.8151990573117367	0.08125460906640976
-0.8037664984579748	0.08124371658704112
-0.7923355079710449	0.08123231015227254
-0.7809061504400366	0.08122050726496044
-0.7694784933822167	0.08120815022086468
-0.7580526115917074	0.08119525145706209
-0.746628579926049	0.08118185559162831
-0.7352064818539249	0.08116776545570063
-0.72378640391868	0.0811530996386387
-0.712368434460296	0.08113783182497969
-0.700952671111422	0.08112174286223728
-0.6895392195553726	0.08110489607349007
-0.6781281875229357	0.08108733052180654
-0.6667196886210052	0.08106895834213017
-0.6553138436732998	0.08104964443581168
-0.6439107879018285	0.08102925612742559
-0.6325106618995469	0.08100791628278038
-0.6211136114280199	0.08098559285355231
-0.6097197940454242	0.0809620510691751
-0.5983293694438928	0.08093721845605592
-0.5869425346993828	0.08091105726455805
-0.5755594805672979	0.08088344988470546
-0.5641804189444953	0.08085426128645164
-0.552805571763008	0.08082348342407035
-0.5414351697633834	0.08079107062372093
-0.5300694779349325	0.08075660947300099
-0.5187087733286918	0.08072012580523107
-0.5073533561907494	0.08068143503445578
-0.49600354800072327	0.08064036634501022
-0.48465969740296455	0.08059671886460135
-0.4733221823573528	0.08055027977095569
-0.46199141085824436	0.08050082863162722
-0.45066782627261	0.08044808159640707
-0.43935191167887927	0.0803917348294319
-0.42804418946139056	0.08033155105469382
-0.4167452304779928	0.08026718723238035
-0.40545565709407216	0.0801981782656375
-0.394176145255597	0.0801240469862384
-0.38290743793752063	0.08004439184833484
-0.3716503503882557	0.07995876297622127
-0.3604057767091044	0.07986644741955926
-0.3491747017432312	0.07976678387873136
-0.3379582096837211	0.07965902894544306
-0.3267574923605763	0.07954245484713722
-0.315573869095105	0.07941592646042248
-0.3044088071870277	0.07927844947406416
-0.29326393037495824	0.07912879883333773
-0.2821410451679897	0.07896564996199379
-0.2710421590161345	0.07878742605745419
-0.25996951099707405	0.07859236084864069
-0.24892561057911658	0.0783784646048388
-0.23791326437350047	0.07814345623925192
-0.2269356228437246	0.07788472182671272
-0.2159962276434834	0.07759930702983726
-0.2050990680528281	0.07728379299370744
-0.1942486458403519	0.07693430553823986
-0.1834500506011075	0.07654635776373443
-0.17270903917712455	0.07611489514513263
-0.16203214468013552	0.07563398572467933
-0.1514267836763042	0.07509694646893965
-0.14090138458962176	0.07449606665379928
-0.13046553722322404	0.07382254425713247
-0.12013015286791173	0.07306631577553933
-0.1099076561676521	0.07221595732886263
-0.09981218868356728	0.07125848058433036
-0.08985982956100494	0.07017928243151081
-0.08006883642929008	0.06896200887796453
-0.07045989158620962	0.06758854318942605
-0.06105634869560772	0.06603905357372769
-0.0518844635931795	0.06429217507076472
-0.042973583996467474	0.06232538651191459
-0.03435627702487455	0.06011558055852139
-0.026068351194376695	0.05763996691544424
-0.018148730132149946	0.05487728917908522
-0.010639128161960729	0.051809437356885646
-0.003583473418412964	0.04842341150134631
0.00297296298919707	0.04471351681663389
0.008984767744565737	0.04068380833408311
0.01440791063813434	0.03635024576650463
0.019201557156038974	0.03174252505259524
0.0233300786751828	0.026905017594328017
0.026765116419263758	0.021896534368578083
0.029487518602572156	0.016788736901028497
0.03148895049821248	0.011663104477982977
0.0327729945747207	0.00660678967204393
0.03335561520495772	0.0017078019512319139
0.03326493232014745	-0.002949885969092924
0.032540343071229265	-0.007290614744000193
0.0312311102648418	-0.011250184884137733
0.029394600335920118	-0.014777790572752792
0.02709435224543303	-0.017836587190041435
0.02439816410654445	-0.020402638633210932
0.021376341488583903	-0.02246390310306001
0.018100174702585563	-0.024018142361028536
0.014640691287833324	-0.02507101242174354
0.011067666946479808	-0.025634385885827036
0.007448853192352023	-0.02572499188228582
0.003849358944688726	-0.02536353641860332
0.0003311277743341238	-0.024574276937241266
-0.00304755397236753	-0.02338494963988068
-0.006232559071335999	-0.021826984647469263
-0.009174460275274013	-0.01993581501262816
-0.011829117123272018	-0.01775120449567497
-0.014158286490319175	-0.015317178042454738
-0.016130250805679737	-0.012682372932910566
-0.01772037593566265	-0.009898850574771741
-0.018911587066343466	-0.0070216982519026505
-0.01969468324830404	-0.0041075439156936875
-0.02006846135390189	-0.0012131788496572804
-0.02003961820045018	0.0016061780545258992
-0.019622423754857274	0.0042983601355640515
-0.01883818817635792	0.006815677335034786
-0.017714537374893893	0.009116178919115014
-0.016284571030000666	0.011164165461352602
-0.014585931228057989	0.012930772914018493
-0.012659839359592385	0.014393985591759632
-0.01055014212231312	0.015538452628941614
-0.008302397943397708	0.016355131298905097
-0.005963019270640238	0.016840849860502997
-0.0035784778773269954	0.016997864872776675
-0.0011945693457897399	0.016833471636401035
0.0011442720732295127	0.0163596773824828
0.0033956180768467126	0.015592948190289859
0.005519662299253717	0.014554021644204156
0.00747979683448804	0.013267731514400414
0.009243195396802243	0.011762731734155436
0.01078131200341316	0.010071302030530107
0.012070366891542608	0.008228788642316449
0.013091745293418161	0.006273141565843056
0.013832308088648815	0.0042441117674643924
0.014284591097962785	0.002182452583941674
0.014446877613399576	0.00012895306383693263
0.014323133452342035	-0.0018765775071660788
0.013922805767016246	-0.003796203358644063
0.013260495739804848	-0.005594697414355918
0.012355513548196397	-0.0072405134050421375
0.011231342652594841	-0.00870593321368666
0.009915043653857558	-0.009967874894488655
0.008436606157938047	-0.011007840174370495
0.006828283237185476	-0.011812130192864492
0.005123923419180689	-0.01237176886740823
0.0033583111280672214	-0.012682402915484297
0.0015665269644645212	-0.012744150077661989
-0.00021666990639230763	-0.012561433247317847
-0.001957432655566501	-0.01214276119587312
-0.0036233925190897903	-0.011500619215042002
-0.005184193572534808	-0.010651045129197251
-0.0066120069686420235	-0.00961388366420723
-0.007881990741708334	-0.008411806025890974
-0.008972719589651445	-0.007070501642371286
-0.009866550114654917	-0.0056180055855508245
-0.010549922049165994	-0.004084227304525063
-0.01101357994774354	-0.0025003348632955027
-0.011252703204346154	-0.000898075765167977
-0.011266941036483227	0.000690886678118661
-0.011060347545775284	0.0022357097246507624
-0.010641217389422399	0.003707072504461132
-0.010021836371437077	0.005077678408147578
-0.009218134581037504	0.006323076963803501
-0.00824929298031146	0.007421621939655151
-0.007137283011130978	0.008355287064506185
-0.0059063725739237835	0.009109535076948049
-0.004582606404501854	0.009673624716897745
-0.003193277060586082	0.010040583169611528
-0.0017663915104272913	0.010207212500178293
-0.0003301452695062376	0.010174021168047323
0.00108759296102163	0.00994512488307317
0.0024597798071224653	0.009528115730657918
0.00376067516165113	0.008933896851548731
0.004966294656282523	0.008176484265422139
0.006054830899338874	0.007272763391877529
0.0070070388578940285	0.006242205529356174
0.007806573948865341	0.0051065092769761984
0.008440278287709144	0.003889195889911282
0.008898404822739294	0.0026151429295442137
0.009174772654239603	0.0013100714679555004
0.009266847550184282	-3.469446951953614e-18