-1.1832159566199232	0.7745966692414837
-1.1322093235679092	0.16117846347460812
-1.1155731114861642	0.09223199595309814
-1.1031967237385805	0.08293836334696064
-1.0914024648325387	0.08164102828706739
-1.079690434457975	0.08145238342534696
-1.0679907844366574	0.08142075651183522
-1.0562935625962813	0.08141170999191681
-1.0445973391174814	0.08140585347276755
-1.0329019220540514	0.08140033058929949
-1.0212073045853933	0.08139470413123108
-1.0095135080100341	0.08138889856040779
-0.9978205596775132	0.08138288965253598
-0.9861284885827045	0.08137667855471177
-0.9744373249924326	0.08137025419930295
-0.962747100897119	0.08136360891967054
-0.9510578500877641	0.08135670864043766
-0.9393696066088224	0.08134957009615097
-0.927682407524954	0.08134217834171782
-0.9159962915683156	0.08133450101514206
-0.9043112987110311	0.08132652440454007
-0.892627471352019	0.08131827128763951
-0.8809448544920427	0.0813096905626395
-0.8692634941167171	0.08130076051525233
-0.8575834404823879	0.08129150526058324
-0.8459047432460836	0.0812818596050553
-0.8342274584283533	0.08127186037951126
-0.8225516431384071	0.0812613924733925
-0.8108773576674864	0.08125056450187022
-0.7992046656151593	0.08123920423965504
-0.7875336345119421	0.08122744270688033
-0.7758643354330395	0.08121509594826853
-0.7641968448176047	0.08120222829772865
-0.7525312387088502	0.08118887578215747
-0.7408676028275926	0.08117480305729359
-0.7292060276242752	0.08116018710620627
-0.7175466052885482	0.0811448321787896
-0.7058894391624784	0.08112873979335243
-0.694234633102142	0.08111199284655404
-0.6825822991082837	0.08109434457673265
-0.6709325623858572	0.08107578939562421
-0.6592855489301912	0.08105634539124305
-0.6476413927148726	0.08103602219041427
-0.6360002369027704	0.08101467835016314
-0.624362239765211	0.08099205387421517
-0.6127275706868032	0.08096823314620168
-0.6010964041585873	0.08094328432084627
-0.5894689132897356	0.08091699719110383
-0.5778453203969581	0.08088912705454429
-0.5662258411270019	0.08085968771920869
-0.5546107121996386	0.08082853785306139
-0.5430001911334503	0.08079562484317274
-0.5313945364241119	0.08076078141154003
-0.5197940413060957	0.08072369465848026
-0.5081990290879354	0.0806844006375208
-0.4966098400117204	0.08064262095287257
-0.48502684202094737	0.08059817574892256
-0.4734504353988289	0.08055082497680446
-0.46188105464550566	0.08050032780286825
-0.45031917174158614	0.08044640176673401
-0.4387652993973264	0.08038876631031036
-0.42721999687653567	0.08032703526743853
-0.41568387789245564	0.08026090849693845
-0.4041576075505595	0.08018991522881824
-0.39264191452346486	0.08011356839981029
-0.38113759758354315	0.08003137586248618
-0.3696455366498278	0.079942778825285
-0.3581666987368915	0.07984718799661189
-0.3467021491155726	0.07974377818390434
-0.33525306669009464	0.07963174711089163
-0.3238207543935252	0.07951018385055333
-0.31240664893754627	0.07937810004048619
-0.3010123555407058	0.07923421373067237
-0.2896396581451672	0.07907724714707562
-0.2782905445415828	0.0789056428971915
-0.2669672359843427	0.07871774918276304
-0.2556722144654229	0.07851156047388415
-0.24440825842513916	0.078284844614726
-0.23317850166949078	0.07803503359417213
-0.2219864661880674	0.07775922103699394
-0.21083612460561843	0.07745404233680456
-0.1997319671503603	0.0771156257623243
-0.18867907792252928	0.0767395661477572
-0.1776832223938385	0.07632078628179724
-0.16675095082743976	0.07585340211792291
-0.1558897168270249	0.07533072749283266
-0.14510800465049153	0.07474500487303663
-0.13441549846708853	0.07408736241184352
-0.12382324419515688	0.07334763645274489
-0.11334385190178137	0.07251420233796574
-0.10299171216110402	0.0715738574526486
-0.09278324154010775	0.07051161250377497
-0.08273714010128883	0.06931063339469958
-0.07287466354902679	0.06795217814174487
-0.0632198985618363	0.06641559801608475
-0.053800024522348805	0.06467852766432663
-0.0446455392080811	0.06271721730422297
-0.035790419303828605	0.060507075248827695
-0.027272170014206943	0.05802379794382335
-0.019131713666016743	0.05524437030202433
-0.01141307441074612	0.05214895437248676
-0.004162776328109493	0.048722965334590494
0.0025710820119174537	0.044959471829467114
0.00874012402358489	0.040862008310824566
0.014297366571111135	0.03644681115979504
0.019199209876389612	0.031745017274361936
0.023407665099536453	0.02680367427087673
0.026892643130894914	0.021685545739473316
0.029634099651202207	0.01646724767092732
0.0316238070051431	0.011235969806025101
0.032866537953078326	0.006084669085372946
0.033380526363513456	0.0011068347028114142
0.03319714464657258	-0.0036089931403010906
0.03235985281172809	-0.00798375775364743
0.03092257120826645	-0.011951323546997383
0.02894768378935606	-0.015460221564642072
0.026503876519060967	-0.018474027558742834
0.023664056777605087	-0.02097027026127305
0.020503447411913702	-0.022938800615641432
0.017097974925253813	-0.02437962424188216
0.01352296174322647	-0.025300808364068637
0.009852102639951645	-0.02571668768335586
0.006156664743061692	-0.025646518675688065
0.0025048479507226522	-0.025113681653074208
-0.0010387832255521993	-0.02414536068778711
-0.004413842548674546	-0.022772578464048548
-0.007564693604632288	-0.021030492515181604
-0.010441070977893286	-0.018958766157709812
-0.012998747825436195	-0.016601825707906897
-0.015200225514981874	-0.014008879296140442
-0.01701539957296762	-0.01123355177715327
-0.01842214308223099	-0.008333104576556118
-0.01940674666440616	-0.005367223335499286
-0.019964160523432237	-0.002396482135683357
-0.02009799704115446	0.0005194135820197753
-0.019820273313796277	0.0033234503254147407
-0.019150905394595866	0.0059629404327296645
-0.01811698752719803	0.0083908814508265
-0.016751894675420854	0.010566950113780478
-0.015094275052414377	0.012458133895821975
-0.013186983384085553	0.014038855917811155
-0.01107602366291012	0.015290849815882225
-0.008809516415462565	0.016202831864232856
-0.006436730682191114	0.016770016799739173
-0.004007186402204827	0.01699363082236396
-0.0015698214453732486	0.016880437163585917
0.000827771565066289	0.016442392957754865
0.0031400731950754924	0.01569634247731161
0.005324321764079106	0.014663796099195795
0.007341169364324019	0.01337072588311256
0.00915530600674118	0.011847327664347115
0.010736045174301451	0.010127694675729805
0.012057850767454066	0.008249349597838029
0.013100787934817157	0.0062526178995497735
0.013850868747193344	0.004179815657958037
0.01430027478348831	0.00207433026616595
0.014447433218955483	-0.000020449615672578857
0.014296939312712482	-0.0020622320268268925
0.013859325556411393	-0.004010853302425134
0.01315068112459026	-0.005829247708482795
0.012192152024914818	-0.007484185313385679
0.011009338016739374	-0.008947022253682763
0.009631613405739444	-0.010193901564992334
0.008091409691457205	-0.011206129346970097
0.006423472921917613	-0.011970187594814892
0.004664123762344981	-0.012477653766699346
0.0028505295636921495	-0.012725127545868315
0.0010200021826958785	-0.012713997922731812
-0.0007906815724635576	-0.012450279472471489
-0.0025459255217610997	-0.01194436644619128
-0.004211938595314395	-0.011210889814154997
-0.005757311605428764	-0.010268401580213584
-0.007153569157939327	-0.009139116484160312
-0.008375672619673728	-0.00784860298250106
-0.009402467327750052	-0.006425272833011416
-0.010217059369476462	-0.004899930376915209
-0.010807112889663344	-0.0033051125245102983
-0.01116504982292054	-0.001674390771828649
-0.011288144182858686	-0.000041606051087364666
-0.011178504488228613	0.0015599160083356884
-0.010842943626479258	0.003098138033616999
-0.010292741606711668	0.004543029421181686
-0.009543309814846846	0.005867204681552168
-0.008613771987105707	0.007046444439697927
-0.007526478972599945	0.008060124800574487
-0.006306472900269575	0.008891375420506047
-0.004980923418999386	0.009527570737985243
-0.0035785318490069366	0.009959970711066725
-0.0021289510786426167	0.010184052455633228
-0.0006621937367149525	0.010199330643583205
0.0007919431718923702	0.010009268303081121
0.0022044354419132376	0.009621137700794737
0.00354756664281809	0.009045848202360212
0.004795440389852331	0.008297758437507397
0.0059244503322451614	0.00739437068840706
0.006913714892611793	0.006356047596268653
0.007745463915473468	0.005205656012415124
0.00840535871985389	0.003968043192968075
0.008882749899600237	0.002669607111481569
0.00917085545455618	0.001337694867285716
0.009266854495609482	2.0166160408230382e-17