0.11755991240490944	-1.409318866330596
0.06211449264224759	-0.7163248345511555
0.029317990429342113	-0.4808392395651007
0.005929802075313001	-0.361793183253918
-0.012241566900477459	-0.28939857502651845
-0.027059644118946066	-0.24019721027167876
-0.03951033562803388	-0.2041047022974754
-0.05017449450567079	-0.17608146620807966
-0.0594204993059769	-0.15333923473029096
-0.06749501895101148	-0.13421980434486375
-0.07457046520580767	-0.11768379389687382
-0.08077182248079173	-0.10305423387240593
-0.08619278658490069	-0.08987861152790715
-0.09090593567969783	-0.07784865959140572
-0.09496940575090188	-0.0667529383996121
-0.09843138430272341	-0.05644505973611015
-0.10133319077565975	-0.04682448877860354
-0.10371141303454122	-0.03782173234161182
-0.10559937270653377	-0.02938864279431018
-0.10702812089348597	-0.02149164199017642
-0.10802709443025314	-0.014106264772054702
-0.10862452353675008	-0.007213490293553356
-0.10884765337971213	-0.0007970865400390059
-0.10872285603799677	0.005158119665449892
-0.10827564973307935	0.01066743530006079
-0.10753067068073241	0.015746966652700287
-0.10651161867036017	0.020413913793593585
-0.10524119392100922	0.024686605046464503
-0.10374103731659617	0.028584344106100334
-0.10203168218245254	0.03212716374390471
-0.10013252190993219	0.03533551745386639
-0.09806179307896688	0.038229990529410784
-0.09583658121483253	0.040830905429327775
-0.09347283554706348	0.04315822743736115
-0.09098540278707706	0.04523122038178917
-0.08838807092814432	0.04706823906614495
-0.08569361960379773	0.048686680673177905
-0.08291388234092542	0.050102864532238875
-0.08005980447302861	0.05133198033838727
-0.07714151122184092	0.05238802305537087
-0.07416837169177316	0.05328384729788771
-0.07114906407560188	0.054031189978158346
-0.06809163831831709	0.05464067513884069
-0.06500357590679717	0.0551218663796091
-0.06189184713366419	0.05548337176442187
-0.05876296539931917	0.05573287125831863
-0.055623036980243734	0.05587717631536642
-0.052477806684917666	0.0559222929825345
-0.04933270140408398	0.055873558017297445
-0.046192869704885654	0.05573552424932948
-0.04306321756404849	0.05551232390738845
-0.0399484354089588	0.0552074069952967
-0.03685303389784408	0.0548237903878588
-0.03378136550824544	0.054364067778628816
-0.03073764775356584	0.05383045980838137
-0.027725982970539267	0.05322484367924586
-0.024750374992688482	0.05254885760447685
-0.021814743263680755	0.05180387509613732
-0.018922934760786644	0.050991096774069884
-0.01607873303145671	0.0501115833262474
-0.013285864927956987	0.049166295939791084
-0.01054800521915731	0.04815613721491315
-0.007868778565580098	0.047081990766962296
-0.005251759642015068	0.04594475560529615
-0.0027004710042153384	0.04474539112675958
-0.000218379259127938	0.043484930672519705
0.002191111754323387	0.042164587287511365
0.004524668832050824	0.04078565232437936
0.0067790385431510175	0.03934967639018101
0.008951058832698233	0.03785837743327544
0.011037672344786363	0.03631374230071853
0.013035939935712016	0.03471800268954991
0.01494305627820055	0.033073685497124417
0.016756365852694226	0.031383588912497
0.018473380017642337	0.029650840432299777
0.02009179279228454	0.027878834167359718
0.021609499614247112	0.026071299002349148
0.023024613160424107	0.024232246520291562
0.024335479507709118	0.022365967815577065
0.025540693656919827	0.020477008000781997
0.026639113596471056	0.018570155688226116
0.02762987265476617	0.016650417728880734
0.028512390271279855	0.014722964900409568
0.02928638089872189	0.012793092357035301
0.029951860566221317	0.010866212681572984
0.03050915096084016	0.008947780939563598
0.030958881039945076	0.007043263747955225
0.031301986409759855	0.005158087157854696
0.03153970594567368	0.0032975963718801056
0.03167357595200991	0.00146700403555633
0.031705422179852706	-0.0003286015356162729
0.03163735054829754	-0.0020843742440838126
0.03147173207023818	-0.0037957145055405885
0.031211191953029994	-0.00545821638077321
0.03085859319853152	-0.00706781807315872
0.03041701947119728	-0.008620746589850157
0.029889758510804915	-0.010113521606097197
0.029280282813942866	-0.01154305238758205
0.028592232290094645	-0.012906483448351987
0.027829394614563553	-0.014201412519060132
0.02699568751310867	-0.015425618708174818
0.026095140254530108	-0.016577358695878362
0.025131876035829993	-0.017655026755106634
0.024110095580809655	-0.0186574829894741
0.023034060153911583	-0.019583694384638233
0.021908077699039633	-0.020433054023465205
0.020736487011336322	-0.02120504290836843
0.019523646440335406	-0.0218995107147375
0.018273919533562527	-0.022516390221284457
0.01699166607767273	-0.023055908189914487
0.01568122952508782	-0.023518391453672006
0.014346929998556038	-0.023904352786353496
0.0129930533292821	-0.024214511001845882
0.011623842385468586	-0.024449639039181455
0.01024349437539393	-0.0246105869976287
0.008856152634575403	-0.024698471425583957
0.00746589594088656	-0.02471441601685327
0.0060767369515232275	-0.024659664987927734
0.004692615406852753	-0.024535563077479675
0.0033173926698415765	-0.02434355007714181
0.0019548463579548247	-0.02408516608499657
0.0006086650438454351	-0.02376204252281973
-0.0007175574829759893	-0.023375908003397446
-0.0020203269420454814	-0.022928580990240165
-0.003296254674114759	-0.02242199002114114
-0.004542062982630729	-0.021858157546266296
-0.0057545910841200355	-0.0212392156475977
-0.006930801200958192	-0.02056740362198207
-0.008067784250892674	-0.01984506458228394
-0.009162766789194166	-0.01907466539329507
-0.010213116214855964	-0.018258764379780027
-0.011216348496863222	-0.017400060915564855
-0.012170132657213728	-0.016501326479113104
-0.013072299059040988	-0.015565488971460515
-0.013920842930322261	-0.014595522374698746
-0.014713932855582867	-0.013594567874166021
-0.015449913129440601	-0.012565781178140294
-0.01612731199215969	-0.011512488967510935
-0.01674484264530755	-0.010437997180624511
-0.017301410717918974	-0.009345777641217499
-0.01779611383636739	-0.008239244818716714
-0.018228247806547252	-0.007121964001461584
-0.018597304696505248	-0.005997407756648157
-0.018902977278681253	-0.004869174364173703
-0.01914515565239562	-0.003740737739609524
-0.01932392960081844	-0.0026156633687521923
-0.019439583834939517	-0.0014973662572856277
-0.019492598057118726	-0.0003893119087160528
-0.019483641024170537	0.0007052031294908551
-0.019413568065986476	0.0017828807393920636
-0.019283414711130722	0.0028405895318601468
-0.0190943912168966	0.003875266507433029
-0.01884787589238865	0.004883995400898041
-0.018545407582342407	0.005863987261111171
-0.018188677920840675	0.0068126054223658335
-0.017779523173842595	0.007727339450041452
-0.017319915501446962	0.008605875047501283
-0.01681195294524483	0.009446043939024326
-0.01625785177161556	0.010245821398971441
-0.015659936335866848	0.011003386798580189
-0.015020629022637691	0.011717071006904395
-0.014342441557193159	0.012385374251517782
-0.013627964974622953	0.013006971529927072
-0.012879860303663022	0.013580701122334747
-0.012100849214193533	0.014105566761645977
-0.011293705087453898	0.014580727577424103
-0.010461243938151905	0.015005508012771286
-0.009606315560604945	0.015379380418710443
-0.008731795277811497	0.015701965561994487
-0.007840575616707464	0.015973029962870627
-0.006935558262176299	0.016192480996929496
-0.006019646284097348	0.01636036133629945
-0.0050957364542192326	0.016476850043748367
-0.004166712446615899	0.016542234485645832
-0.0032354375605329814	0.016556956153723757
-0.0023047468876353293	0.016521564310512382
-0.001377441521948899	0.016436727480540994
-0.0004562816247175564	0.016303228755555742
0.00045602006528446914	0.01612196916844773
0.001356804513413483	0.015893960108344093
0.002243472731601965	0.015620321034220693
0.0031134918389285017	0.015302283611404661
0.003964401053832282	0.014941181379010413
0.004793817729220245	0.014538453032619686
0.005599442963951429	0.014095641997760752
0.00637906746968996	0.0136143844289075
0.007130576730552857	0.013096429401813754
0.007851957885818668	0.012543611486672945
0.008541302367075385	0.0119578294878375
0.009196812797005257	0.011341116518788745
0.009816807300671929	0.010695565152375786
0.010399724060650239	0.01002334547267155
0.010944125564564769	0.009326700464207102
0.011448702510496766	0.008607941260345071
0.011912277348433867	0.00786943951557132
0.0123338074366828	0.007113621364057704
0.012712387819608552	0.006342955280243621
0.013047253476443527	0.005559946803960201
0.01333778174861065	0.004767133109765369
0.013583490853992903	0.003967042816090497
0.013784048752090217	0.003162277660168401