-0.09921365371828468	1.410729120318945
-0.04117314219765806	0.6946533381042823
-0.007524033647121127	0.46095450709656216
0.016250518621806688	0.34419644586245823
0.03458701833902666	0.27332330476972105
0.04942436451989954	0.22496649579199748
0.06177669286642759	0.18921575612887528
0.07223650179331491	0.16117106821195182
0.08117745899347388	0.13815064131086038
0.08884931838832319	0.11857962135771734
0.09542729789540802	0.10148652848529253
0.10103988730839973	0.0862520924918424
0.1057854461303641	0.07247265778311957
0.10974258172407357	0.05988188569876933
0.1129768027955289	0.04830244921440102
0.11554486569664278	0.037615213006272435
0.11749761587133688	0.027738954223001905
0.11888179689838414	0.01861617137865989
0.11974118589416048	0.010203871144732438
0.12011724992626711	0.0024670171223770874
0.120049481247657	-0.0046257478984982605
0.11957554329149883	-0.011104589625920844
0.11873128562015654	-0.017000029558339454
0.11755070963707125	-0.022343418291986064
0.11606590514252035	-0.027167132435091668
0.11430699848097346	-0.0315043095906795
0.11230212153804814	-0.035388391841366565
0.11007740892587868	-0.03885260107139393
0.10765702462809323	-0.04192943599849072
0.10506321737321847	-0.04465027674077256
0.10231639962206661	-0.047045020430256775
0.09943524464997898	-0.049141845898755254
0.09643679629670808	-0.05096696960696856
0.09333658904067808	-0.05254459651762032
0.09014876832227961	-0.05389688727827647
0.08688621458466893	-0.05504396350194376
0.08356066265796408	-0.056003972689970025
0.08018281774539515	-0.056793175545816504
0.07676246500125065	-0.05742606070663663
0.07330857218184346	-0.05791546517551322
0.06982938483415677	-0.058272696795993395
0.06633251377795861	-0.05850766468551742
0.06282501518080712	-0.05862900884069752
0.059313463115696644	-0.05864421480575016
0.05580401502459568	-0.05855972848115708
0.052302470525315004	-0.05838107080342721
0.04881432419785874	-0.058112930118124156
0.04534481222011552	-0.0577592640941608
0.04189895353676528	-0.057323379352496116
0.038481586536816687	-0.056808020114522954
0.03509740042887231	-0.05621543328294633
0.031750962580934496	-0.05554745207236184
0.0284467417674909	-0.05480555138894481
0.02518912734021503	-0.053990914349305016
0.02198244501426833	-0.05310449634473554
0.018830968977569196	-0.052147072325275386
0.015738930645161592	-0.05111930161044455
0.012710524346702435	-0.05002177861359707
0.009749909523778993	-0.04885507636750184
0.006861210258530892	-0.047619813121019434
0.004048511675808376	-0.04631668597318363
0.0013158529715584111	-0.04494652647987476
-0.0013327812538581217	-0.04351034806885348
-0.0038934732786540614	-0.04200937182091158
-0.006362387243242853	-0.040445110466155766
-0.008735784969043424	-0.038819341140417386
-0.011010046352829615	-0.037134203028976964
-0.013181688492343028	-0.035392183091746625
-0.015247389777144738	-0.03359614519059988
-0.017204012086946767	-0.03174939517654798
-0.01904862647966213	-0.029855582153709724
-0.020778537066363727	-0.02791885684214884
-0.022391305494791937	-0.025943682004672945
-0.02388477733315674	-0.023935035976827574
-0.02525710284303652	-0.02189813845272858
-0.02650675653677604	-0.01983862512758065
-0.02763256159565616	-0.017762441931923126
-0.028633703704212473	-0.015675770811990744
-0.029509745527021566	-0.013585008639274638
-0.030260637511292487	-0.011496703386106472
-0.030886725112975494	-0.00941749271817518
-0.031388752298921636	-0.007354039327979352
-0.031767861398472326	-0.0053129721760407055
-0.03202558883903724	-0.003300815134053887
-0.03216385755002577	-0.0013239392341235947
-0.03218496560110364	0.000611500319830415
-0.03209157169207346	0.0024996175400360814
-0.031886677694049834	0.004334843451285526
-0.031573608765670245	0.006111959514422778
-0.031155991168710036	0.007826131957285674
-0.03063772847672737	0.009472930920835133
-0.0300229767787227	0.011048357264432724
-0.029316119015686218	0.012548837007725175
-0.02852173874433002	0.013971229858693545
-0.02764459465905325	0.015312839057882223
-0.02668959511444595	0.01657134903718133
-0.02566177255062247	0.01774495027003346
-0.0245662591831442	0.018832072230685826
-0.0234082688451818	0.01983161940045246
-0.022193071500802564	0.020742773991773416
-0.020925974886107652	0.021565066842106715
-0.01961230644642141	0.02229831312815629
-0.018257396787376968	0.02294259418697098
-0.016866564750375616	0.02349823973262882
-0.015445102751981736	0.023965785135785775
-0.01399826525229303	0.024345957230427262
-0.012531256909411448	0.02463967894581102
-0.011049222804364205	0.024848032640170603
-0.009557238465097574	0.02497224684576553
-0.008060301503734128	0.02501369395450125
-0.006563323828860908	0.024973867229998243
-0.00507112339566825	0.024854413162091495
-0.003588416268841846	0.024657072210011434
-0.002119812461142584	0.024383663532473152
-0.0006698069575099052	0.024036237253905916
0.000757233338810354	0.023616930139807722
0.002157067349008643	0.023127877515502108
0.0035255880626575116	0.022571464960365946
0.004858837958886737	0.021950204741902825
0.0061530113280034125	0.0212667071408288
0.007404463467951293	0.020523731940916043
0.008609719131849427	0.01972417747653402
0.009765481107390409	0.01887109612652908
0.010868638998449674	0.01796767690532444
0.011916277703285148	0.017017251632454804
0.012905685941924023	0.016023295318951556
0.01383436464508599	0.01498941979451603
0.014700034979446426	0.01391937082005774
0.015500646071667621	0.01281700840841583
0.01623438156799533	0.01168631369685699
0.016899666597006358	0.010531360950751408
0.01749517266268942	0.00935630719955712
0.01801982238292118	0.008165373281039333
0.018472792265570564	0.006962826998003618
0.01885351628955665	0.005752983503726123
0.01916168549241139	0.004540118740774059
0.019397248250004148	0.003328554572510848
0.019560409825992248	0.0021225207920446136
0.01965162661286454	0.000926209233152497
0.019671605638821334	-0.0002562426801123517
0.01962129578739628	-0.00142087043333228
0.019501882545605656	-0.002563741586063643
0.01931478105273228	-0.0036811427439284884
0.01906162422994466	-0.0047694794899150305
0.01874425667314073	-0.0058253185404010185
0.018364720521527614	-0.006845466169767915
0.017925245869974814	-0.007826849201036021
0.01742823892422653	-0.008766671513046508
0.016876267492245554	-0.00966230704037361
0.01627205101354298	-0.010511348587487658
0.015618444875488097	-0.011311638004838871
0.01491842850124811	-0.012061203019222987
0.014175092400917452	-0.012758297081062443
0.013391625073062578	-0.01340140655396562
0.012571298893251221	-0.013989228006157439
0.011717458420575646	-0.014520661219447999
0.010833507786894125	-0.014994813959740597
0.009922898548285125	-0.01541099366234041
0.008989117896913588	-0.015768701096810122
0.008035677316358899	-0.01606762523060952
0.00706610131575032	-0.016307637433047466
0.006083916997921629	-0.016488780851207956
0.005092643589163904	-0.01661127535310003
0.004095782239571909	-0.01667550223191119
0.003096806444639904	-0.016682004279713735
0.002099152494428824	-0.016631479944768594
0.0011062103033813724	-0.016524779373500505
0.00012131446435110477	-0.01636290221267064
-0.0008522650530228313	-0.01614700054176155
-0.001811330757050843	-0.015878350097153042
-0.002752766737845736	-0.0155583946912335
-0.0036735465975809584	-0.015188679404094556
-0.004570741704433392	-0.014770933103632896
-0.005441530089649895	-0.014306974457574693
-0.0062832025491714035	-0.013798758588920448
-0.007093170939563107	-0.01324838193446957
-0.007868976628398633	-0.01265805400008291
-0.008608296529705994	-0.012030110047634402
-0.00930895053126822	-0.011366980254370277
-0.009968908042560358	-0.010671223810213676
-0.010586293784980647	-0.009945484795539784
-0.011159394307952888	-0.009192498578844197
-0.011686662488780666	-0.008415104869242768
-0.012166722777838881	-0.0076161876094940515
-0.012598375528367046	-0.006798721039934417
-0.012980599591522118	-0.005965722346847684
-0.013312556500288631	-0.005120240578299876
-0.01359359190735763	-0.004265391386761624
-0.01382323604458547	-0.0034042342901568134
-0.014001205852713208	-0.0025399173610424685
-0.014127404536872746	-0.0016755258408576862
-0.01420191979756453	-0.0008141346223499256
-0.014225022412303582	0.000041219482162156406
-0.01419716356414941	0.0008875498705798115
-0.01411897145697639	0.0017219331035526635
-0.01399124703986261	0.002541522525212074
-0.013814959376090417	0.003343556499810801
-0.013591239893407357	0.004125372395995834
-0.013321376645061576	0.004884409669828317
-0.013006805845219245	0.005618252593428418
-0.01264911064067352	0.0063245553203367605