0.30258817092134493	-1.3814631369741657
0.24947993636796864	-0.7138467480511252
0.2178087150148667	-0.48045668820429
0.1951782467975931	-0.3622881777560293
0.1775334730096341	-0.29135898079421046
0.16303314210384684	-0.24435924250148408
0.15068511767606788	-0.21112625926589818
0.13989440410439652	-0.18651779613789565
0.13027696472366387	-0.16765202752682598
0.12157129910756503	-0.15278844142910314
0.11359197599599216	-0.14081412532438126
0.10620328650168694	-0.13098436507563674
0.09930336865606215	-0.12278266817805601
0.09281420452641652	-0.11583946900850123
0.0866750343979573	-0.10988374061015965
0.08083789040968903	-0.10471240629570047
0.07526448921818729	-0.10017020083167921
0.069923995701175	-0.0961367107744086
0.06479140675481886	-0.09251695104486667
0.05984633813634602	-0.08923518436308794
0.05507211466380905	-0.08623024877108407
0.05045507186511843	-0.08345220760049352
0.04598401428921409	-0.08085994592127681
0.04164978900159155	-0.07841926351648673
0.03744494669758297	-0.0761015065318464
0.03336347401696483	-0.07388249026735054
0.02940056925726955	-0.07174169813550069
0.025552464185867138	-0.06966160115912727
0.021816274537493154	-0.06762717003868275
0.018189875193479886	-0.06562547941617414
0.014671794630126994	-0.06364539113040767
0.01126112447985849	-0.061677315370155944
0.007957441146920392	-0.059713003351007765
0.004760736976595789	-0.05774539703242281
0.0016713591230051639	-0.0557685026447088
-0.0013100464534206155	-0.05377730557845526
-0.004182584848606264	-0.05176767902660157
-0.006945159799420989	-0.04973633542633839
-0.00959651790787612	-0.04768078047267636
-0.0121352899409583	-0.045599250663052655
-0.014560031095176168	-0.04349071934011403
-0.01686925848308791	-0.04135482682666414
-0.01906148953700868	-0.03919190739865729
-0.02113527485526319	-0.03700289173982526
-0.023089235325912096	-0.03478935710462074
-0.024922090477316555	-0.032553444790421035
-0.02663269578706043	-0.030297891082410773
-0.0282200650936091	-0.02802582939659882
-0.02968339783109151	-0.025740980936457773
-0.031022109067879312	-0.023447453851713613
-0.03223584743355303	-0.021149750235514422
-0.033324514770082754	-0.018852690401765553
-0.03428828295668895	-0.016561341159950203
-0.03512760675097765	-0.014280997171471821
-0.03584323304890949	-0.012017114850145259
-0.03643620656170544	-0.009775191140111321
-0.03690787452677813	-0.00756079651801122
-0.037259885293358885	-0.005379399150688413
-0.03749418069555091	-0.0032363965254590316
-0.03761299608685504	-0.0011370371457626884
-0.037618844158805245	0.0009136264672625159
-0.03751450725600525	0.0029108293060674697
-0.037303019310832554	0.0048500477848951494
-0.03698765159810364	0.006727111219247555
-0.03657189331466634	0.008538181730758501
-0.03605943320606263	0.010279770066702075
-0.0354541386429159	0.011948790183679767
-0.03476003691593075	0.013542483073885041
-0.0339812926974626	0.015058516266686459
-0.03312218913531866	0.016494904787023843
-0.032187107667999044	0.017850004997765925
-0.0311805088975135	0.019122534058301232
-0.030106915183960827	0.020311533608530104
-0.02897089276426611	0.021416320477967626
-0.027777036653334777	0.022436540421189727
-0.02652995404884283	0.023372058684946365
-0.02523425498417824	0.024222950674278373
-0.023894536796642885	0.0249895530293225
-0.022515374690315566	0.02567236679950039
-0.021101311946647397	0.026272059363617914
-0.019656851531617964	0.02678944329375521
-0.0181864487514334	0.027225456345891224
-0.01669450447370167	0.027581148782661283
-0.015185359765472637	0.0278576668320207
-0.01366329086669135	0.028056245030273774
-0.012132504850938704	0.02817819226579814
-0.010597135658880761	0.028224883798548355
-0.009061240599570957	0.028197759588304613
-0.007528797055392109	0.028098316279804476
-0.006003699326313213	0.02792810832801754
-0.0044897555430144015	0.027688750502509563
-0.002990684481272727	0.02738190839396283
-0.0015101128357543825	0.027009303875066858
-0.000051570425722102627	0.026572778944677387
0.0013815126104914613	0.02607411810524978
0.0027858056725569838	0.025515266851011208
0.0041580905334600606	0.024898370280697888
0.005495262387745653	0.024225424676463835
0.006794328503502253	0.023498570052155866
0.00805241759534724	0.022720180889769445
0.009266788300966783	0.021892593549293224
0.010434830955725751	0.021018304609298866
0.011554073604871817	0.020099927805273116
0.012622188112547884	0.019140138076710896
0.013636996369836544	0.018141721639762333
0.014596475546043475	0.017107603733356607
0.015498763924003307	0.016040815213760693
0.016342165104027605	0.01494440975583883
0.01712515564332629	0.013821600698343137
0.017846386967147666	0.012675695452126629
0.01850469159428668	0.011510000895994391
0.01909908632578641	0.010327953542324048
0.019628774684462613	0.009133022127662965
0.020093150007549965	0.00792868286529506
0.020491796611616896	0.006718474080089575
0.020824490805872255	0.005505919452946631
0.02109120063397992	0.004294536206723449
0.021292085090194347	0.003087816909391669
0.021427492293729335	0.0018892146256752058
0.021497956821011216	0.0007021248236899082
0.021504195913086548	-0.0004701291559531975
0.02144710594493217	-0.0016243027838447723
0.02132775634194878	-0.0027572854117073513
0.02114738354917492	-0.0038660346032209883
0.020907385889650628	-0.004947671085062037
0.020609314948051696	-0.005999423999390087
0.020254868902716598	-0.007018693994774166
0.019845883731895067	-0.008003006253218077
0.01938432520827689	-0.00895007865935052
0.018872280415921615	-0.009857720754145977
0.01831194743579553	-0.010724075958065897
0.01770562465950138	-0.011547272862231525
0.017055709003373512	-0.012325582708236289
0.016364681129743257	-0.013057666576073428
0.01563509450728263	-0.013742179656355817
0.0148695702198854	-0.014377982310983528
0.014070787011732934	-0.014964093357599129
0.013241472802412658	-0.01549969156167026
0.012384395786781969	-0.015984106418481157
0.011502357288958077	-0.016416803146159134
0.010598182887215243	-0.016797409900382327
0.009674715700882117	-0.017125670400654262
0.008734808229560168	-0.017401478136781796
0.0077813161015165624	-0.01762484063895398
0.006817090479526749	-0.017795897932523543
0.005844972223988825	-0.01791490234705135
0.004867784854970358	-0.017982225778594402
0.003888328933837181	-0.01799834859209255
0.00290937568737563	-0.017963862455950427
0.0019336613812060916	-0.01787946105273978
0.000963881689618293	-0.01774594426434213
2.685828095965804e-6	-0.01756421519348491
-0.0009473285146053061	-0.017335265402570164
-0.0018836207195154428	-0.0170602033061054
-0.0028037129818169622	-0.016740219476412115
-0.0037051944840371465	-0.016376595976439274
-0.004585727520518696	-0.015970729076003873
-0.005443052236717577	-0.015524080135961358
-0.006274990985170916	-0.015038224655536774
-0.007079455084152163	-0.01451483280986773
-0.007854447416115268	-0.0139556126966429
-0.00859806803817963	-0.013362431268179317
-0.00930852015941922	-0.012737185223498388
-0.009984110977008133	-0.012081839302122966
-0.010623260112151313	-0.011398525862682982
-0.011224502050686017	-0.010689337777781971
-0.011786488073447607	-0.00995647456387335
-0.012307990047740323	-0.00920218394376523
-0.0127879062565265	-0.008428840126595158
-0.01322526234866211	-0.007638751938486607
-0.013619213398923878	-0.006834379974436495
-0.01396904734617509	-0.006018115630542475
-0.014274184460919062	-0.005192467780186212
-0.014534181238340195	-0.00435988286334388
-0.014748727745151013	-0.0035228767905811625
-0.014917651480830102	-0.0026839211562745095
-0.01504091313850908	-0.0018454997846380143
-0.015118609720637194	-0.0010100737119065391
-0.01515096942513074	-0.00018005973432002557
-0.015138353285757942	0.0006421323482144294
-0.015081249871334891	0.001454182963610807
-0.014980274733251482	0.0022537803258419285
-0.014836166210552372	0.003038705803021172
-0.01464978188573808	0.0038068061387502915
-0.014422094612675428	0.004556000559598063
-0.014154188083808517	0.005284293549383297
-0.013847252207944652	0.005989781823877626
-0.013502578069144781	0.006670652945989057
-0.013121552638865053	0.007325194048126696
-0.012705653313049008	0.007951796332249262
-0.012256442272133372	0.00854895737267139
-0.011775560931927663	0.009115269569151856
-0.0112647226137773	0.009649480029658411
-0.010725708532560569	0.010150373506916822
-0.010160360659925033	0.01061690923434786
-0.009570575919969904	0.011048135951257799
-0.008958299751376245	0.011443211411617962
-0.00832552019796448	0.011801403849996513
-0.0076742616939950775	0.012122105955969475
-0.007006579318198896	0.012404799503696802
-0.00632455532033676	0.01264911064067352