-1.2247448713915892	-0.7071067811865477
-1.2573819897184386	-0.011699660855960609
-1.2515792606437852	0.07010374273277636
-1.2411260544134315	0.08007246193817588
-1.2301052254970744	0.08129654150316883
-1.2190145276572686	0.08144698427730841
-1.2079154152871685	0.08146330389767262
-1.1968156185756544	0.08146248241887544
-1.1857161377992094	0.08145936830849884
-1.1746171143436295	0.08145586098029818
-1.163518578594768	0.08145221827810248
-1.1524205466669872	0.08144846558212432
-1.1413230332706414	0.08144460850293393
-1.1302260534445894	0.08144063170837454
-1.1191296223929494	0.08143655074868178
-1.108033756013649	0.0814323433451477
-1.0969384711895962	0.08142801375753972
-1.0858437852859117	0.0814235533205415
-1.0747497163246396	0.0814189550245574
-1.0636562829448448	0.08141421866950851
-1.052563504687045	0.08140933890673051
-1.0414714020700835	0.08140431129835891
-1.030379995916763	0.08139911332308425
-1.0192893081827847	0.0813937543122553
-1.0081993620318734	0.08138822890183882
-0.997110181540434	0.08138252643286491
-0.9860217913571294	0.08137662288391712
-0.9749342175109924	0.0813705293139124
-0.9638474877943637	0.0813642457123554
-0.9527616298255124	0.08135772706281899
-0.9416766733823858	0.08135100528991897
-0.9305926500299857	0.08134404472746043
-0.9195095916773399	0.081336824930638
-0.9084275325359319	0.08132938139810092
-0.897346508233201	0.08132163815095507
-0.886266555804901	0.08131364479929575
-0.8751877147595121	0.08130531737200754
-0.8641100250991072	0.08129674063101051
-0.8530335299310888	0.0812877881034176
-0.8419582744538616	0.08127853503467787
-0.8308843066746331	0.08126888931351564
-0.8198116751781965	0.08125891555455605
-0.8087404331840249	0.0812484893924237
-0.7976706357436376	0.08123770949237873
-0.7866023394475725	0.08122646811539111
-0.775535606818088	0.08121473226924142
-0.7644705009525259	0.08120258411605502
-0.7534070888640884	0.0811898728141407
-0.7423454450780446	0.08117660089467098
-0.7312856432871712	0.08116283321603883
-0.7202277617945727	0.08114845444091255
-0.7091718870648203	0.08113335125449747
-0.698118109736605	0.08111759444079107
-0.6870665234537479	0.08110117867145335
-0.6760172271519225	0.08108403401886703
-0.6649703248630122	0.08106608690525077
-0.6539259324209565	0.08104716886364793
-0.6428841717989754	0.08102735861851063
-0.631845168977048	0.08100667888962498
-0.62080905743409	0.08098500695840367
-0.6097759717404627	0.08096216671838163
-0.5987460809554598	0.08093814544094646
-0.5877195462834311	0.08091287359078939
-0.5766965454492814	0.08088622264205046
-0.5656772693142854	0.08085825800762914
-0.5546619098892105	0.08082875865419259
-0.5436506836589622	0.0807975187616358
-0.532643826304223	0.0807645813925006
-0.5216415854892771	0.08072974840619422
-0.5106442268554402	0.0806928886694042
-0.49965203749825937	0.08065384358312672
-0.48866532683827346	0.08061243945404198
-0.4776844285261783	0.08056849518829856
-0.46670970228450115	0.08052181026954425
-0.45574153803971856	0.08047211949422342
-0.44478036050602987	0.08041926825616864
-0.4338266252018868	0.08036285864870323
-0.42288082433962243	0.0803026296822795
-0.4119434975603308	0.08023837221821033
-0.4010152357029294	0.0801696601222953
-0.39009667309835916	0.08009596806034185
-0.379188511100348	0.08001689537915908
-0.3682915142273106	0.07993195038902533
-0.3574065188872265	0.07984057570700086
-0.34653444206437545	0.07974215930615215
-0.33567629080569433	0.07963605170577895
-0.3248331738767315	0.07952137301253633
-0.3140063155689533	0.07939726945883625
-0.3031970662486304	0.07926276013699733
-0.2924069134651651	0.07911673909305719
-0.2816375151962485	0.07895790784157761
-0.27089070883257393	0.0787848836035037
-0.26016853754272834	0.07859602593531102
-0.24947327892102447	0.07838956554146015
-0.2388074702984897	0.07816339050987767
-0.22817394456960294	0.07791523282665874
-0.21757588457596788	0.07764236283844489
-0.20701685713317364	0.07734177003172622
-0.19650086986867368	0.0770099937764881
-0.1860324342833457	0.07664308769272268
-0.17561663649832915	0.07623655080344059
-0.16525921838057833	0.07578524429446712
-0.15496667042102336	0.07528331542994629
-0.14474633744810486	0.07472407686866869
-0.13460653654120167	0.07409985785735253
-0.12455670137177038	0.07340199614069742
-0.11460752306625879	0.07262064107983525
-0.10477112146294656	0.07174464670775205
-0.09506122787376653	0.07076149392388587
-0.08549338486581705	0.06965712044899959
-0.0760851525272434	0.06841594928340006
-0.06685631983224227	0.0670208505359438
-0.05782911037082054	0.06545323240950127
-0.049028368736554036	0.06369326521414759
-0.04048170667058712	0.061720249893507696
-0.032219590365367805	0.05951316951707347
-0.024275312822577097	0.05705159373324305
-0.01668485684727362	0.05431673676709025
-0.009486569279917407	0.05129294373398484
-0.002720621499126495	0.04796940375384226
0.003571778409033899	0.04434205510398073
0.009349450534455128	0.04041568297385715
0.014572570487970067	0.03620569961843333
0.019204230696329934	0.031739697558217685
0.023212158855616158	0.02705818116129682
0.026570477230415238	0.02221437886120054
0.029261356143049234	0.017272880461430478
0.031276405759761726	0.012307125218889275
0.03261765054689256	0.00739591909228708
0.03329799056489687	0.002619376584708665
0.03334109058353246	-0.00194529578929197
0.032780721490885394	-0.006227523573228241
0.03165964052630689	-0.010166359426525712
0.030028141688226734	-0.013712359408234015
0.02794244052461857	-0.0168281473033483
0.02546300843646508	-0.019488337636924223
0.022653040644895976	-0.02167824510035101
0.019577074135290473	-0.023392553363266823
0.01629983442078833	-0.02463354234154808
0.012885302876478169	-0.025409596199858008
0.009395980875774148	-0.025733874135479912
0.005892306954439649	-0.02562337920794547
0.0024321755415504746	-0.025098376578530333
-0.0009294889612405194	-0.02418219112030229
-0.004141150890259341	-0.022901264822249662
-0.007155101032450183	-0.02128536806496777
-0.009927931128381553	-0.01936790258915013
-0.012421045240091615	-0.017186097548175
-0.014601176854303425	-0.014781079839465402
-0.016440932250192573	-0.012197644292593958
-0.017919235529235612	-0.00948379039864282
-0.01902172123686282	-0.006689794066893442
-0.01974097590729068	-0.003867219345454525
-0.02007662119101677	-0.001067548653514782
-0.020035209599774614	0.0016592046363462665
-0.01962993554817366	0.004265779178584194
-0.018880174618430896	0.006708887285113856
-0.017810864294821347	0.008950275117790892
-0.016451791264252957	0.010957164232739404
-0.014836799775140491	0.012702775016649199
-0.013002972305781867	0.01416635558475896
-0.010989814288618352	0.015333050386601394
-0.008838469744371238	0.016193610918189653
-0.006590981198591445	0.016744032463215902
-0.004289601448631481	0.016985172333777433
-0.0019761554615190242	0.016922400299160166
0.00030855417124706893	0.01656530772916299
0.002525305770096684	0.015927475268070125
0.004636990590199965	0.01502632553815273
0.006609115552453384	0.01388277226939645
0.008410301588053622	0.012521547309308982
0.010012733316338472	0.010970314272185254
0.0113925897546707	0.009259854984556642
0.012530416686564303	0.007423453765358842
0.013411436150154063	0.005496352990616373
0.014025771861753012	0.003515141876250678
0.01436857737860018	0.0015169347439904057
0.01444005400343734	-0.0004614421948410961
0.014245356747537009	-0.0023842418360847926
0.013794388494526123	-0.004217638846003845
0.013101493808900789	-0.005930364975049759
0.012185054853400594	-0.007494500690377694
0.01106702660538398	-0.008885631674948638
0.009772417115668309	-0.010083366938879412
0.00832873332933301	-0.011071435121568175
0.0067654133256089466	-0.011837766026616039
0.005113256545899849	-0.012374434462218309
0.0034038640417368387	-0.012677580802197273
0.0016690934265243765	-0.01274727430550293
-0.0000594664964344082	-0.012587366934479151
-0.0017510005441982082	-0.012205335350375062
-0.0033759501616277	-0.011612120659828798
-0.004906473643455364	-0.01082195240386646
-0.006316881040211309	-0.009852148189633432
-0.007584039504016678	-0.008722878877228571
-0.008687743041627836	-0.007456877099717749
-0.009611034521528304	-0.006079072835895797
-0.010340485729337892	-0.004616181032250319
-0.010866398216676156	-0.0030962036353529847
-0.011182944756242418	-0.0015478584552512103
-0.011288227663776702	-1.05536239469739e-15