-1.3784048752090223	-0.31622776601683805
-1.3879598422084558	0.04743825618539576
-1.3780456122738838	0.0785724874482068
-1.3664621920537074	0.08124833048709681
-1.3547348056476987	0.08148029123752916
-1.3429950671496416	0.08149869987850034
-1.3312545555468962	0.08149799953059093
-1.3195143185207652	0.0814955154099525
-1.3077744614718343	0.08149279188574622
-1.2960350034988453	0.08148997269394948
-1.2842959617290544	0.08148706901060118
-1.2725573413041085	0.08148403501332492
-1.2608191547602792	0.08148103529914599
-1.2490814187170083	0.08147792089453691
-1.237344131528195	0.08147468941796471
-1.2256073157575749	0.08147140503580755
-1.213870980493571	0.08146800982360114
-1.202135142950091	0.08146449413338498
-1.1903998179415913	0.08146089295712126
-1.178665020208795	0.08145717469724237
-1.1669307659846286	0.0814533480910692
-1.1551970702765813	0.0814494135038297
-1.1434639533055388	0.08144531481456925
-1.1317314342308442	0.08144112414557676
-1.1199995238855784	0.08143685753262182
-1.1082682384467801	0.08143242307412929
-1.0965376077478364	0.08142779696918696
-1.0848076471402033	0.08142311939043237
-1.0730783730444846	0.08141822721643371
-1.061349819111837	0.08141316439882644
-1.0496219988415225	0.0814080236186161
-1.0378949378515052	0.08140260343806924
-1.0261686698984307	0.08139705259921082
-1.0144432081375825	0.08139137136649148
-1.0027185883185916	0.08138538321831486
-0.9909948384210376	0.08137929690355691
-0.9792719854211198	0.0813729047791822
-0.9675500671214592	0.08136635288754358
-0.9558291084093344	0.08135953093715052
-0.9441091537041276	0.08135246605756767
-0.9323902289202821	0.08134517886613518
-0.9206723817996578	0.0813375493969532
-0.9089556445723052	0.08132974242006617
-0.8972400605343571	0.08132153811120439
-0.8855256782834877	0.08131307290323887
-0.8738125359503575	0.0813042953935279
-0.8621006856591995	0.08129514369016808
-0.8503901797028697	0.08128562843386361
-0.8386810718462915	0.08127573122507588
-0.8269734182434235	0.08126543254782295
-0.8152672793001493	0.0812546995464275
-0.8035627186697435	0.0812435140571816
-0.791859803429172	0.08123185898457905
-0.7801586012715913	0.08121972172561787
-0.7684591877164684	0.08120701613630128
-0.7567616436315121	0.08119377928856167
-0.7450660456853634	0.08117997177714167
-0.7333724870489606	0.08116547028234285
-0.7216810614091436	0.08115036452882209
-0.7099918604943255	0.08113454431877089
-0.6983049969896079	0.08111793737311036
-0.6866205775514844	0.08110058758650829
-0.674938723195817	0.08108232258754622
-0.6632595605264048	0.08106321606250234
-0.6515832211783679	0.08104308960814076
-0.6399098542334962	0.08102197337575896
-0.6282396046363719	0.08099975184094743
-0.6165726455505434	0.08097632711565877
-0.6049091422604223	0.08095172283676609
-0.5932492879115127	0.08092568549357426
-0.5815932785445705	0.08089828277481391
-0.5699413350734392	0.08086926741298928
-0.5582936824316448	0.08083863381046733
-0.5466505768694039	0.08080617943885422
-0.5350122779678668	0.08077180850605559
-0.5233790826583591	0.08073537309211641
-0.5117512918819972	0.08069667130337065
-0.5001292485658849	0.0806555985590577
-0.48851331424571065	0.08061183019127398
-0.47690388147413726	0.08056524571041358
-0.4653013809490634	0.08051560166857441
-0.45370627416513143	0.08046253159853282
-0.4421190637714739	0.08040587158394828
-0.43054030487752376	0.0803452329879399
-0.41897058937894016	0.08028019877217392
-0.40741057510852763	0.08021043629789618
-0.3958609803639778	0.08013548295696461
-0.38432259249972994	0.08005481941398128
-0.3727962745115634	0.07996782836729456
-0.36128297434437356	0.07987390297655399
-0.3497837376465937	0.0797724127193576
-0.3382997200977911	0.07966249022445848
-0.3268321996969915	0.07954322515946625
-0.31538259259695123	0.07941361162953733
-0.30395247002345327	0.07927250893893113
-0.2925435792026891	0.0791186160156235
-0.2811578672357382	0.0789504644127773
-0.2697975066159991	0.07876634758372421
-0.25846493130443926	0.07856437953475223
-0.24716286939108684	0.078342371771301
-0.2358943853260437	0.07809778657296065
-0.22466292899066917	0.07782777175367919
-0.2134723862166797	0.07752914649401732
-0.20232715532172096	0.07719803111404598
-0.19123221363318033	0.07683018621612407
-0.18019320431932626	0.07642062563821157
-0.16921653893243535	0.07596363838929039
-0.15830950872788724	0.07545266900554135
-0.14748042599984632	0.07488014431767707
-0.13673876711905222	0.07423737787383161
-0.12609535086209198	0.07351443265185631
-0.11556252881851461	0.07269994221726732
-0.10515440141002608	0.071780927743788
-0.09488706825659922	0.07074266348093862
-0.08477887664778938	0.0695685904220263
-0.07485070050560098	0.0682402070628585
-0.06512621811537965	0.0667370775629896
-0.05563218397620939	0.06503698234976792
-0.046398663662429854	0.06311622768253827
-0.037459213172663645	0.060950167064796605
-0.028850955945639353	0.05851409309551259
-0.020614508508459053	0.055784454481369164
-0.012793701154414314	0.05274051542298463
-0.005435026660079047	0.049366400121272656
0.0014132320211082455	0.04565355730598218
0.007702247982586133	0.0416034587744747
0.013384274580842749	0.03723002582352677
0.018414612830525683	0.032561940851149565
0.022753837139871298	0.027643863292147682
0.02637011752016958	0.022536460584557525
0.029241434253037338	0.017314868133646046
0.031357450744672624	0.012065492956929937
0.0327208237051455	0.006881481164577647
0.03334779358729578	0.0018573482731084436
0.03326798287988431	-0.0029165300729688004
0.03252343939230897	-0.007358785561270458
0.0311670581456608	-0.011400593679884573
0.02926060226726337	-0.014987872567424992
0.026872529361006717	-0.018081805885633424
0.02407584992965986	-0.020657755569465946
0.020946172092555636	-0.022703906731802215
0.017560020422945872	-0.024219017385663316
0.013993470438903421	-0.025210231994468965
0.01032107447733262	-0.025691255771240668
0.006615027706816196	-0.025680933012653836
0.0029444977504292594	-0.025202334078759613
-0.0006249507858500195	-0.02428239030605139
-0.004031908888501923	-0.022951890427366575
-0.007219697547511796	-0.021245773733675827
-0.01013699093043559	-0.01920348287038799
-0.012738490420231863	-0.0168692763279815
-0.014985612300942273	-0.014292173941441683
-0.01684718968526931	-0.011525849915901479
-0.018300052794671413	-0.008627694932596531
-0.01932950701132307	-0.005657663081045502
-0.019929594919764395	-0.0026768333807206833
-0.02010312495744789	0.00025447349764407446
-0.01986143700292834	0.003078453620069449
-0.01922391070857511	0.005741530153043769
-0.01821725345516129	0.00819576801080993
-0.016874604700299323	0.010399935617198236
-0.01523452175187764	0.012320117950157018
-0.013339906229528149	0.013929925127726601
-0.011236923636007465	0.01521038713082783
-0.008973956777099916	0.016149621594668626
-0.006600618634064905	0.016742350366332155
-0.00416683695071712	0.01698940206319417
-0.0017220090469461755	0.016897239792294745
0.0006857818702035844	0.01647758388674758
0.003010501827591995	0.015747117584360575
0.005208863253408337	0.014727256094435487
0.007240991671485581	0.013443934944414258
0.009071060534534917	0.011927374714141542
0.010667886381329914	0.010211753502166306
0.012005467327553749	0.008334739971373692
0.013063443733244235	0.006336866937140777
0.013827454715314554	0.004260735160258104
0.014289368231015377	0.0021500566357631644
0.014447364913103975	0.00004858723205423721
0.014305865214563377	-0.0020009778501937905
0.013875299224315123	-0.003958073838665794
0.013171729044249285	-0.005785231731467076
0.012216342691911308	-0.007448883934683057
0.011034845024929157	-0.008919974874491763
0.00965677417472473	-0.010174386621095287
0.008114771716636262	-0.011193170746328694
0.006443832117264324	-0.011962611234202633
0.004680551811014177	-0.01247416942123257
0.002862392253432982	-0.01272434846316159
0.0010269659113704907	-0.012714514938814658
-0.0007886507464197477	-0.012450701608582271
-0.0025485735481584207	-0.011943429649767929
-0.004218735924040197	-0.011207291770177525
-0.005767484188592296	-0.01026121797161815
-0.00716613309499986	-0.009127477586702378
-0.008389473197769665	-0.00783189411204709
-0.009416223889172936	-0.006403158501740301
-0.010229416066954152	-0.00487233195604052
-0.01081669134021792	-0.003272258011460433
-0.011170503176889402	-0.0016367791037466726
-0.011288209623583059	-1.936385080059111e-16