-0.1279905020935676	1.4084098945682433
-0.07339635039760421	0.7232815692570573
-0.04088931983012286	0.48739661087157116
-0.017633787790836086	0.3677074479045029
0.00048177599888814455	0.2949062735692442
0.015296245185217168	0.2455234884215531
0.027786472563872518	0.20942331130896416
0.038529818285925714	0.18152223202046017
0.04789334793341722	0.1589977565160245
0.05612321222831294	0.14016470874603573
0.06339145195508315	0.12396083069785235
0.06982249250669889	0.1096898383404728
0.07550908143559457	0.09688149625688795
0.08052237689826929	0.0852122737921826
0.08491856929008137	0.07445649433367026
0.08874338601172746	0.06445602539208757
0.09203521823155142	0.055099875827617786
0.09482731556623439	0.0463106831002013
0.09714935394174537	0.03803473245689544
0.09902853524431049	0.030234951699945698
0.10049035339256927	0.022885685137899722
0.10155911104045393	0.015968800220740265
0.10225825041557779	0.00947079328448217
0.10261054696122585	0.0033806700564586152
0.10263820341830472	-0.0023115658187397893
0.1023628744784029	-0.007615940595789548
0.10180564629520837	-0.012543142864406323
0.10098698874586998	-0.01710487964483783
0.09992669533083265	-0.02131398967219792
0.0986438217981253	-0.02518439877181495
0.0971566291315755	-0.028730973478779915
0.09548253881404213	-0.03196929722712074
0.09363809804513372	-0.034915441999862434
0.09163896277273006	-0.037585655311380806
0.0894998911075138	-0.039996225434813876
0.08723475109629654	-0.04216313235851376
0.08485653912665102	-0.04410199443907596
0.08237740837418076	-0.04582777594745015
0.0798087039150723	-0.04735481388448044
0.07716100373963836	-0.04869660003200182
0.07444416426316362	-0.04986581723301706
0.0716673678191118	-0.05087424282428878
0.06883917153300527	-0.051732784631885645
0.06596755638214195	-0.05245144743135081
0.06305997539081996	-0.053039386312790864
0.06012340055222361	-0.053504910065322944
0.057164367974443936	-0.05385553349143836
0.05418902059448726	-0.05409801616918111
0.05120314853771743	-0.05423841185262859
0.04821222668520633	-0.05428211263524836
0.045221449606298106	-0.05423390732220359
0.04223576372555361	-0.054098022302084915
0.03925989659988066	-0.053878177978493286
0.03629838372875166	-0.05357763570967893
0.03335559244047295	-0.05319924133928795
0.030435743422350975	-0.05274547903815705
0.027542929658851342	-0.052218507639426905
0.024681132841853845	-0.05162021040940011
0.021854237718468922	-0.050952234026131
0.019066043768181832	-0.05021602738579639
0.016320275072595675	-0.049412888468991265
0.013620587729262796	-0.04854399061617849
0.010970575233657118	-0.047610437110147015
0.008373772046492643	-0.046613277598505656
0.005833654794774212	-0.04555355941643406
0.003353642039529788	-0.04443235899004589
0.0009370914166632184	-0.04325080297798863
-0.0014127039021806433	-0.04201011993061824
-0.0036925213381958145	-0.04071164338737201
-0.00589921675679682	-0.03935688927572364
-0.008029732797946549	-0.037947500682049426
-0.010081109839624508	-0.03648537576780543
-0.012050496958809028	-0.034972576184668105
-0.013935165194956679	-0.03341145425390731
-0.015732520189194747	-0.031804563026453375
-0.017440117782635347	-0.030154774950164914
-0.019055676680763373	-0.028465162382312788
-0.02057709536017208	-0.026739134791902076
-0.0220024641567799	-0.024980296531076703
-0.02333008325812566	-0.023192597381409528
-0.02455847355714764	-0.021380129108753185
-0.02568638817093612	-0.01954724211751515
-0.026712828235122162	-0.017698530847617116
-0.02763705101462436	-0.015838724473134513
-0.02845857872534079	-0.013972702265907886
-0.02917720571716466	-0.012105449531878074
-0.029793003499055632	-0.010242026602619317
-0.030306323669276627	-0.00838753107425027
-0.030717798716171765	-0.006547057934829744
-0.03102834071450944	-0.004725655280633284
-0.031239137892619975	-0.002928285618987876
-0.031351649096876454	-0.001159795172510225
-0.03136759620111606	0.0005751211697645939
-0.031288954724208125	0.0022719548209163875
-0.03111794275498926	0.003926414437043422
-0.030857008532838234	0.005534447689645801
-0.030508816590696694	0.007092262066628471
-0.030076232891455806	0.008596339590050395
-0.0295623093629897	0.010043454114249183
-0.028970267751108836	0.011430668151420778
-0.028303483031528687	0.012755355826105976
-0.027565467307356234	0.014015179282441835
-0.026759852703569283	0.01520810333751681
-0.025890376634755324	0.01633236489401385
-0.024960862429335505	0.0173865632203044
-0.02397520859164957	0.01836940326751625
-0.022937373445055805	0.019280012038328468
-0.021851360080714997	0.020117651153717643
-0.020721203694951083	0.020881838862145004
-0.019550960012904264	0.02157231292178903
-0.01834469428994159	0.022189012815990963
-0.017106471227791447	0.022732043397961685
-0.015840344419065677	0.023201664796266595
-0.014550348497674585	0.023598297628292013
-0.013240491154281898	0.023922510097060597
-0.011914745670951098	0.02417498301418086
-0.010577043976819984	0.024356524840045538
-0.00923127066031946	0.024468052945239384
-0.007881256882999394	0.02451058310668364
-0.006530775008282411	0.02448523334997487
-0.005183533258684984	0.024393212624557993
-0.00384317073560871	0.024235820358079717
-0.0025132524991294037	0.02401444345782688
-0.0011972645287074717	0.023730564629748624
0.00010139098861344822	0.023385742587595
0.0013794006493939113	0.022981639182723463
0.0026335447481704035	0.022519995687718838
0.0038607025106093943	0.022002657296372435
0.005057857033810141	0.021431554741702847
0.006222101091374882	0.02080872422312941
0.007350641217154317	0.0201362923429056
0.008440806923543666	0.019416539894024205
0.009490052559138231	0.01865174690974389
0.010495961421745414	0.017844353521989587
0.011456257111365862	0.016996935203228668
0.0123688055386574	0.016112123159404877
0.013231620903936937	0.015192659080635388
0.0140428711169904	0.014241377979608623
0.01480088288720164	0.0132612085813344
0.015504146451255255	0.01225515039795426
0.01615131980259937	0.01122629125282734
0.01674123271855299	0.010177780500977944
0.017272890087511147	0.009112821786667296
0.017745474688226723	0.008034662048214194
0.018158349348025495	0.006946583480969556
0.018511058341685174	0.005851887611620698
0.018803328097695422	0.004753881512968622
0.019035067198684356	0.003655865996922675
0.019206365348192603	0.0025611103383991903
0.019317492490739975	0.0014728890969379679
0.0193688962633547	0.0003943462660776251
0.019361195323943203	-0.000671398529355784
0.01929518210412233	-0.0017212355269173103
0.019171812789642424	-0.0027522814191637797
0.018992203945401822	-0.0037616137510859907
0.018757627652537096	-0.004746531045467714
0.018469502294098362	-0.005704396207214398
0.018129388622841344	-0.006632714148171262
0.017738980049708596	-0.007529141943227654
0.017300096064492437	-0.008391461661480153
0.016814674031550094	-0.009217608085918313
0.016284760852535253	-0.010005677582953868
0.015712504237503946	-0.010753906967005152
0.015100144834065233	-0.01146069985838236
0.014450006818552037	-0.012124604720299503
0.013764490485755374	-0.01274433104365419
0.01304606240344458	-0.013318740986099397
0.012297248548420514	-0.01384684051658132
0.011520624508399658	-0.0143277986120738
0.010718808897917334	-0.01476090712444162
0.009894454105659384	-0.015145627925020796
0.009050239728995898	-0.015481527728067544
0.008188864194058437	-0.015768343411110608
0.0073130380657501345	-0.016005905321443553
0.006425476715008094	-0.016194203565618775
0.005528893287971218	-0.016333330929329114
0.004625992252119752	-0.01642350588055933
0.003719462834795681	-0.01646506479999088
0.0028119726634774495	-0.01645845516253711
0.0019061615447817878	-0.01640423634725911
0.0010046354576870038	-0.016303077305253457
0.00010996067274898214	-0.016155751009306284
-0.0007753421327716663	-0.015963136643540213
-0.00164880355833091	-0.015726215329257075
-0.002508010851199436	-0.015446065137884622
-0.0033506137602047413	-0.015123868725698384
-0.00417432952123681	-0.014760901547845658
-0.004976948619122668	-0.014358534571935479
-0.0057563394131307085	-0.0139182345280773
-0.006510453833022702	-0.013441556940091618
-0.007237331638671385	-0.01293013750423491
-0.007935106147447064	-0.012385739496414602
-0.008602009039151095	-0.011810156722439923
-0.009236372425197583	-0.01120525506346932
-0.009836635898011148	-0.010573042536634727
-0.010401349434456858	-0.009915552428224516
-0.010929177369278684	-0.009234881948948384
-0.011418901990217778	-0.008533209444859921
-0.01186942705934916	-0.007812728868469789
-0.012279777233016778	-0.007075737270281548
-0.01264911064067352	-0.006324555320336759