0.7071067811865478	1.2247448713915892
0.7738191002736414	0.2812250732626498
0.7892178657440896	0.04483676145543989
0.7888631591823126	-0.0372839906278043
0.7830052200050419	-0.06591623700322041
0.7752338819057306	-0.07585029872822666
0.7667981427264619	-0.07930743369270382
0.7581306777215158	-0.0805167232154259
0.7493820921990393	-0.08093971255946696
0.740605289465323	-0.08108475444513945
0.7318190633816171	-0.0811303222848124
0.7230301812399543	-0.08113972911390012
0.7142411247845392	-0.08113568266737246
0.7054528328601056	-0.08112639232753613
0.6966656830475767	-0.0811148772916418
0.6878798483601465	-0.08110222101330287
0.6790954265651346	-0.08108882570033767
0.6703124887750534	-0.08107481348049847
0.6615310990140436	-0.08106028023201763
0.6527513152566117	-0.08104517553727193
0.6439731975595043	-0.08102946469036494
0.6351968171582801	-0.08101312110573124
0.6264222368468406	-0.08099618778340738
0.6176495296280216	-0.08097858420036454
0.6088787675797113	-0.08096024481824375
0.6001100331804816	-0.08094110668041059
0.5913434095542723	-0.08092129743462717
0.5825789798337088	-0.08090065172385559
0.5738168284508739	-0.08087912443540543
0.5650570636060265	-0.08085663158338557
0.5562997841288557	-0.0808332110956643
0.5475450978867453	-0.08080874535475467
0.5387931201327938	-0.08078320750806314
0.5300439695549347	-0.0807565302418552
0.5212977738843911	-0.08072863035472967
0.5125546693003977	-0.08069944291263975
0.5038147990422535	-0.08066890065378725
0.49507831505757993	-0.0806369077730995
0.4863453790243626	-0.08060337616281896
0.47761616307177324	-0.08056819169570119
0.4688908497185308	-0.0805313173024733
0.4601696336922572	-0.08049255561734964
0.4514527188863768	-0.08045181062226892
0.44274032734415053	-0.08040904090692076
0.4340326951978397	-0.08036397466321304
0.4253300696953951	-0.08031649309305544
0.4166327209557406	-0.08026651182223998
0.40794093776354257	-0.08021379129822986
0.3992550245088031	-0.08015806094546567
0.390575309073268	-0.08009923829143797
0.3819021473744353	-0.08003710635131292
0.373235917579432	-0.07997125478260075
0.36457702283531995	-0.07990149796516471
0.355925903362089	-0.07982765786522672
0.3472830333629301	-0.07974927295985043
0.33864890981290463	-0.07966599550014768
0.33002408715828546	-0.0795774830524574
0.32140915849316165	-0.07948326692937847
0.31280476186392736	-0.07938292536921557
0.30421159163984324	-0.07927590090900187
0.2956304007658342	-0.07916165834664032
0.28706199957698597	-0.07903961209819568
0.2785072761368525	-0.07890907463387137
0.2699671839300456	-0.07876928027167455
0.26144277435718927	-0.07861938919273596
0.25293518791269054	-0.0784585102548128
0.2444456682840147	-0.07828563562301324
0.23597557424002585	-0.07809965111703258
0.22752639210905157	-0.0778993231528622
0.21909974748883276	-0.07768328227552548
0.2106974223588874	-0.07745001854401125
0.2023213716835034	-0.07719785730529466
0.1939737424331394	-0.07692493442076662
0.18565689466129498	-0.07662918036081556
0.1773734258033183	-0.07630826132784443
0.16912619178462274	-0.0759596743537024
0.1609183461215827	-0.07558052438866916
0.15275336612227283	-0.07516767230200198
0.14463508855566962	-0.07471761555515005
0.1365677504669695	-0.07422647578959542
0.128556032854973	-0.07368991377255027
0.12060510538816127	-0.07310322356445435
0.11272068339029373	-0.07246109180229478
0.10490907886226418	-0.07175773495951587
0.09717726448972283	-0.07098677970600219
0.08953293301173669	-0.07014128102788138
0.0819845648340406	-0.06921364874246035
0.07454149504396185	-0.06819568669418737
0.06721398023204472	-0.06707857946764108
0.0600132632429519	-0.06585294083310851
0.052951632665476235	-0.06450887474421264
0.04604247061136365	-0.06303609976191137
0.039300288486894895	-0.06142407918648377
0.032740741892183116	-0.05966226137250178
0.026380617467021895	-0.05774037268052994
0.02023778483659877	-0.055648763876364415
0.014331105521077362	-0.05337884829074967
0.008680289445076065	-0.05092363128152142
0.003305692159218613	-0.048278284713782024
-0.0017719535338627098	-0.04544077867150854
-0.0065318760140108435	-0.04241257058888639
-0.010953674122055	-0.03919910833648228
-0.015017784074647928	-0.03581048434743002
-0.01870600248817865	-0.03226178098543593
-0.022002040762674594	-0.028573280300481427
-0.02489208709861391	-0.02477039967293985
-0.027365347396495477	-0.020883360125690892
-0.02941453191943205	-0.016946508719449683
-0.03103625665344662	-0.01299742266886514
-0.032231329038791764	-0.009075724161849485
-0.03300490291606704	-0.005221804228170963
-0.033366486684864825	-0.0014754689721204228
-0.03332980882967342	0.0021253994250228607
-0.0329125511590993	0.005545873444163052
-0.03213597052691233	0.00875495726930146
-0.031024441290870453	0.011726166132005892
-0.029604946563162062	0.014437824367641601
-0.027906551567319256	0.01687328151978174
-0.025959874797294332	0.01902034593039769
-0.02379661157941672	0.02087127136502744
-0.021449084712069827	0.022422133482220878
-0.018949857480152307	0.02367233254529712
-0.016331403491926046	0.02462404683079045
-0.013625831390464187	0.025281760002832165
-0.01086465736708185	0.025651860205444958
-0.008078616596929199	0.02574233317666973
-0.005297503354866263	0.02556254859569716
-0.002550029222660976	0.025123107675425842
0.00013630882535113701	0.024435835641615496
0.0027353611140883997	0.023513790924974732
0.005222462488616968	0.022371338293353474
0.007574578536786253	0.02102423614341246
0.009770462041704245	0.019489739360570413
0.011790817351331591	0.017786651699905138
0.013618469937438739	0.015935250870042408
0.015238525534394585	0.013957505349532462
0.01663854739427721	0.011876598218513484
0.017808672850672405	0.009716979845602457
0.018741740955003878	0.007503960899635569
0.01943336489679734	0.005263408903644352
0.019881970403688207	0.0030213135171595585
0.020088786284648868	0.0008033643246057986
0.020057787662931568	-0.0013654966472755586
0.0197955920945396	-0.0034614946297710524
0.019311311483543134	-0.0054623972529816815
0.018616370157147687	-0.007347836476750817
0.017724278781503813	-0.009099599522520407
0.01665040420946696	-0.010701728918628636
0.015411711377272003	-0.012140668307748022
0.014026502677409625	-0.013405272927333624
0.0125141576355065	-0.014486790191182031
0.01089487781517643	-0.01537877532771846
0.009189442428814233	-0.016076993772954504
0.007418975449468889	-0.01657929553002179
0.0056047258454054874	-0.016885499078162898
0.003767861257909979	-0.01699727166203685
0.0019292733009846138	-0.01691802744240336
0.00010939311377583892	-0.016652841263105327
-0.0016719847103401542	-0.0162083807598978
-0.0033958711457153777	-0.015592842087095122
-0.005044246270013208	-0.014815912841992601
-0.006600217371472646	-0.013888710851514975
-0.008048171372510902	-0.012823733735027492
-0.009373920402819898	-0.011634784918813012
-0.010564838047625532	-0.01033687199276601
-0.011609985260403277	-0.00894610963483039
-0.012500219446294373	-0.00747954126541955
-0.013228286256871209	-0.005954960128158186
-0.01378888962879944	-0.004390686417328154
-0.014178737032952705	-0.002805329802335199
-0.014396557535952717	-0.0012175512795605421
-0.014443091117929595	0.00035420976035520227
-0.014321049485579565	0.0018920112967843285
-0.014035048975483614	0.003378663910252555
-0.013591517198262985	0.004797960727574292
-0.01299857599845512	0.006134875563293995
-0.012265904057305845	0.007375724606639211
-0.011404582986018638	0.008508296506334095
-0.010426931270147132	0.009521964291213436
-0.00934632988355477	0.010407745628426283
-0.008177042871179634	0.011158328349598082
-0.0069340359892240515	0.011768071748622532
-0.005632795979209394	0.012232990632473366
-0.00428915246374594	0.012550728961430408
-0.0029191037920344846	0.012720520718555329
-0.0015386473775005826	0.012743147320451516
-0.00016361550741773788	0.012620867127622731
0.0011904839048729806	0.012357415948532558
0.0025086222647190647	0.011957819757388204
0.003776388485816363	0.011428619280814315
0.00498015459976911	0.01077748682300054
0.006107182057872386	0.010013364438411549
0.007145768717148483	0.009146319676380073
0.008085358419746575	0.008187469110886886
0.008916651361494193	0.007148860965201938
0.00963169795782616	0.0060433574987545325
0.010223979442746662	0.004884489238696105
0.010688471641248273	0.00368629313122338
0.011021690633045068	0.002463140394108091
0.011221718920395477	0.001229549923865823
0.011288211142321302	-3.716157156302691e-15