0.28495742983691696	-1.385207299423918
0.2321565974169688	-0.7200836780849069
0.20052894756241457	-0.4861905999703962
0.17786757330602057	-0.36746535823960874
0.1601618772681821	-0.2960600072719558
0.14558807830706993	-0.24864378504120743
0.13316297879935635	-0.2150311317484362
0.12229692602079523	-0.19006512026159456
0.11260940534499289	-0.17085489024828487
0.10384139465331231	-0.1556546084969004
0.09580928939089937	-0.1433481112346167
0.0883787708791888	-0.13318855729001308
0.08144907481759635	-0.12465794880418794
0.07494306669635747	-0.11738570936706792
0.06880071994984535	-0.11110012502105178
0.0629746913822825	-0.10559719291718295
0.05742724209079944	-0.10072127369129724
0.05212802611883271	-0.09635138213527335
0.04705248376391279	-0.09239212678259144
0.042180645666964944	-0.08876736352033542
0.0374962278649043	-0.08541561865317977
0.032985938665184046	-0.08228661889767636
0.028638941097737642	-0.07933903856120982
0.0244464260662334	-0.07653855475364896
0.02040127401901899	-0.07385648042684655
0.01649778166348753	-0.07126870414222077
0.012731438659788714	-0.06875487420229326
0.009098743000281568	-0.06629776315561152
0.0055970466780323365	-0.06388277785550117
0.002224424724238267	-0.06149757334279072
-0.0010204371210800831	-0.05913174575986717
-0.004138339945555207	-0.05677658472581106
-0.007129658065421246	-0.05442490921761244
-0.009994415486023226	-0.052070856372650014
-0.01273235515733779	-0.04970982238723818
-0.015343002720282673	-0.04733831472592742
-0.017825724420885158	-0.044953888315404616
-0.020179781279175454	-0.04255506319661783
-0.022404379363715653	-0.040141273448466755
-0.024498716958767375	-0.037712775139362886
-0.02646202855341542	-0.03527065276606405
-0.028293624830763336	-0.03281666795721487
-0.029992933266077063	-0.030353336308134426
-0.031559529217164387	-0.02788367185639907
-0.03299316828809556	-0.02541135882150709
-0.0342938156379305	-0.022940475813190395
-0.035461669854186514	-0.02047557255108476
-0.03649718253845288	-0.01802155808768587
-0.03740107578346804	-0.015583554410249053
-0.03817435522481296	-0.01316691352536858
-0.038818317716147216	-0.01077714249208569
-0.03933455623214363	-0.008419750095375659
-0.039724961459921465	-0.006100232622336536
-0.03999171811525151	-0.0038240266385486214
-0.040137298124185386	-0.0015963982419828623
-0.040164452031072634	0.000577607923972042
-0.04007619574544263	0.002693175515724717
-0.039875795418008085	0.004745804675604846
-0.03956675076082293	0.006731334212346956
-0.039152775851953266	0.008645955726645192
-0.03863777921586077	0.01048625224237724
-0.038025843057932135	0.012249186554594114
-0.037321201707627545	0.013932134163185313
-0.03652822127177001	0.01553283653757176
-0.03565137542979049	0.017049518676622563
-0.03469522874772036	0.01848060415016951
-0.033664415784976136	0.019825041224469656
-0.03256362306676638	0.021082017174006262
-0.03139756988585794	0.022251042363352864
-0.030170993301202577	0.02333193152360803
-0.0288886336462949	0.02432476815800094
-0.02755522132892324	0.025229867027002615
-0.02617546463788725	0.02604772852299161
-0.024754039438744584	0.02677902628125288
-0.023295579772259642	0.027424616597416622
-0.021804670285015454	0.02798549937657298
-0.02028583941621155	0.02846278408984876
-0.018743553398871158	0.028857657005179053
-0.017182211033884273	0.029171415972718422
-0.015606140069547417	0.029405418964868535
-0.014019593551277104	0.029561083559111887
-0.0124267467132742	0.02963988242874218
-0.010831694063981934	0.029643337339784703
-0.009238447769576363	0.029572999551544812
-0.0076509343637242155	0.02943048369726887
-0.006072993866776039	0.029217411694394717
-0.004508376210785048	0.02893548939930757
-0.0029607402626150125	0.02858641784960467
-0.001433650150549446	0.0281719997850005
0.00006942646419323806	0.027694036123012328
0.0015451224185848895	0.0271544481381061
0.0029901735062964154	0.026555155653016124
0.004401422919031284	0.025898222592920118
0.0057758240044086485	0.025185689575252433
0.007110447276579947	0.024419867072772522
0.00840248474134085	0.023602958581218615
0.009649249965626838	0.022737280194475306
0.010848187635925717	0.021825405759885317
0.011996880496511188	0.02086988380486517
0.013093052033257732	0.019873398634867256
0.014134573011974154	0.018838740215986808
0.015119467113856262	0.017768802493430505
0.016045916510165445	0.016666582918361268
0.01691226714722484	0.015535171196677317
0.017717033857759648	0.014377752854638479
0.018458905055520166	0.01319759549078425
0.01913674695199271	0.011998041155576166
0.019749607275953384	0.010782494722678407
0.020296718326614463	0.009554409772650029
0.020777499246024535	0.00831727485469768
0.021191557909209006	0.007074614511499165
0.021538691385893823	0.005829944812206535
0.021818886519611752	0.004586773539127516
0.022032318442881185	0.003348610393099994
0.022179348633902637	0.002118903154760345
0.022260523842905958	0.000901022947475906
0.022276570390960676	-0.0003016991582719655
0.022228391292695507	-0.0014860261482445287
0.022117060808224676	-0.002648823034519125
0.021943818671624604	-0.0037870712080291993
0.021710063842996615	-0.0048978921691753205
0.02141734700311271	-0.0059785243987013625
0.02106736287846582	-0.0070263649297807014
0.020661942712323144	-0.008038948104732137
0.020203045826037797	-0.009013977502267073
0.01969275068223448	-0.009949323504764428
0.019133246143019915	-0.010843007212954812
0.0185268226008468	-0.01169324196308318
0.017875862503899227	-0.012498378945379977
0.017182832113099695	-0.013256969224611075
0.016450271430033386	-0.013967696996746833
0.015680786818792765	-0.014629437773067357
0.01487704065688962	-0.01524120259967701
0.014041744776720584	-0.01580217379803624
0.013177650286973855	-0.016311674595332604
0.012287541635205653	-0.016769175022972652
0.01137422697157201	-0.017174290750143446
0.010440532610848744	-0.017526759865215232
0.00948929426427487	-0.017826468561671582
0.008523351459506641	-0.01807340832433926
0.007545539928079057	-0.01826771134042503
0.006558686328542847	-0.018409595018918628
0.005565601312068245	-0.01849943107864117
0.004569073607055458	-0.0185376582641609
0.003571865057026481	-0.018524847658443876
0.0025767039171599466	-0.018461661513286143
0.001586280611193202	-0.018348857957771313
0.0006032414396479275	-0.018187308009022757
-0.0003698159239035653	-0.017977954112908364
-0.0013303477876567523	-0.017721861013206563
-0.0022758697833174094	-0.017420161392521186
-0.00320396103189215	-0.017074095955382933
-0.004112270270596011	-0.016684993505895283
-0.004998519156026556	-0.016254255090635654
-0.005860508453836309	-0.015783406378856047
-0.006696122064993579	-0.015274018815847518
-0.007503331876183098	-0.014727789743526204
-0.008280202235911433	-0.014146456997161338
-0.009024894365282785	-0.013531889026274637
-0.009735670974640629	-0.012885979711184985
-0.010410899843520602	-0.012210755846018365
-0.011049058722223937	-0.011508256732023036
-0.011648737785654142	-0.010780649418872724
-0.012208644896641113	-0.010030107186825456
-0.012727606765133626	-0.009258913771732491
-0.013204574316828671	-0.008469355243938518
-0.013638622373252121	-0.007663802395958928
-0.014028955081746512	-0.00684463924053742
-0.014374905039502398	-0.006014300456573774
-0.01467593667408248	-0.005175214060359064
-0.01493164573480582	-0.004329862800652398
-0.015141760944171757	-0.0034806803809325254
-0.01530614314702836	-0.002630162916555482
-0.015424785578891606	-0.001780723052760169
-0.015497813290319804	-0.0009348436245865603
-0.015525479396964185	-0.00009482481331892238
-0.01550816521177041	0.0007368973559631577
-0.015446379541057376	0.0015580209709904805
-0.015340752470964622	0.0023663031672762967
-0.015192034216838499	0.003159565301998463
-0.015001090947395188	0.003935675763552065
-0.014768900647411556	0.004692582011678881
-0.014496548939309637	0.005428329074676275
-0.014185224662802545	0.006141063403029694
-0.013836215156272216	0.006828995770979574
-0.013450900194723683	0.007490444978207108
-0.013030747368482754	0.008123829432204447
-0.012577306422529142	0.008727670049891303
-0.012092204161268237	0.009300627223132876
-0.011577136713251421	0.009841416535886875
-0.011033864188459471	0.010348898583968098
-0.010464209316854652	0.01082201758249708
-0.0098700458125847	0.011259864800415619
-0.00925329452947823	0.011661617121572751
-0.008615916706269095	0.01202650906195033
-0.007959911052235718	0.01235399227562144
-0.007287304786538048	0.01264356883022614
-0.00660014896754034	0.012894836342256376
-0.005900512869155535	0.013107498879444766
-0.005190478324419577	0.013281375873057699
-0.004472135954999579	0.013416407864998741