0.16359024722586413	-1.4047199831252162
0.11019849451460884	-0.7314799389190639
0.07812034173954567	-0.4956259358654862
0.055062787984639074	-0.3755290926866975
0.037020088798795175	-0.30265285267638165
0.022183984227814334	-0.2535392929859801
0.009587175588435417	-0.2179888608576384
-0.001345498212037708	-0.19085762147245303
-0.010981658978320007	-0.1692746130101617
-0.019568891033685754	-0.15151366690417586
-0.027280653480629077	-0.1364777788369446
-0.03424228213738516	-0.12343855346335789
-0.04054663951806065	-0.11189597322293417
-0.04626400620674451	-0.10149781329965095
-0.05144860313335954	-0.09199081896272183
-0.056143031682054215	-0.08319103944554088
-0.060381406376939	-0.07496333529338106
-0.06419160102713994	-0.0672081693667263
-0.067596908258286	-0.05985289748035923
-0.07061727897869408	-0.052844701826843275
-0.0732702545442051	-0.04614589033435787
-0.07557167969442412	-0.039730147012153876
-0.07753622958184948	-0.03357993526558169
-0.07917781897471153	-0.02768405376467003
-0.08050989275093129	-0.022035917103575005
-0.08154563336272187	-0.016632119362406824
-0.08229810288162763	-0.011471337655715874
-0.08278031950358833	-0.006553211242843932
-0.08300530391578438	-0.0018779638237672708
-0.08298608213632389	0.0025543813280912583
-0.08273566826524817	0.006744379061414663
-0.08226702816719088	0.01069333306728816
-0.0815930316736549	0.014403494660583209
-0.0807264007996113	0.017878164972923227
-0.07967965567400584	0.02112159440276503
-0.07846506152338963	0.02413896157273868
-0.07709458148179998	0.02693632660217622
-0.07557983559444947	0.029520468068276802
-0.07393206589239586	0.031898678582355115
-0.07216210903035879	0.034078694081464696
-0.07028037800071298	0.036068591400372614
-0.06829684884416434	0.037876579636023686
-0.06622105869000194	0.03951080943616513
-0.06406210330622088	0.04097952371597086
-0.06182864450914244	0.04229070583994083
-0.059528920989997826	0.04345209019475574
-0.05717076495414371	0.04447115640144925
-0.05476161459279514	0.045355040739484494
-0.05230853816225817	0.046110460439068565
-0.04981825160001141	0.04674379230923051
-0.047297142279257354	0.04726093736512943
-0.04475129041925093	0.047667438936637094
-0.04218649131600967	0.04796838176103923
-0.03960827770987817	0.04816847951293305
-0.03702194035075622	0.04827203916490095
-0.03443254897940902	0.04828300626683166
-0.03184497113373351	0.048204975109044125
-0.02926389046704623	0.04804121805591987
-0.026693822967833087	0.0477947110220687
-0.024139133610053428	0.047468130333942156
-0.02160404847254283	0.04706397036287537
-0.01909266780024991	0.04658443901896875
-0.016608977415002096	0.046031599791903126
-0.014156856255264062	0.04540740152661775
-0.011740082848655404	0.04471359149132298
-0.009362345611539851	0.04395184608135381
-0.007027243679139938	0.04312379318175533
-0.004738290400908274	0.04223101530665745
-0.0024989146646238296	0.041275084233523406
-0.0003124604958340527	0.040257598712440355
0.0018178144468939247	0.039180182756612274
0.003888741982171122	0.03804456177001011
0.005897248842162105	0.036852533157721856
0.007840360501547175	0.0356060182125752
0.009715210170857122	0.03430707946329744
0.011519044435289021	0.03295792292400836
0.013249234119743193	0.03156094159247612
0.014903281670210593	0.03011869085221792
0.016478833566085996	0.02863394674849138
0.017973688091943676	0.027109642053326978
0.01938580915036284	0.025548968687268657
0.02071333342053855	0.02395523625234538
0.021954585147737182	0.022332067703831972
0.02310808321330207	0.020683143599256135
0.024172550491272815	0.019012374815135877
0.025146925539207617	0.017323875761523944
0.026030367116548506	0.015621782055905538
0.026822264799985004	0.01391049414429359
0.027522240435173678	0.012194362217564631
0.028130157019721637	0.01047791318609065
0.028646116006053962	0.008765632143672474
0.029070464181054464	0.0070620506089447655
0.02940378739737895	0.0053716721507814135
0.02964691396976852	0.0036989174675302267
0.029800906039218346	0.0020481783800552827
0.02986705851716467	0.00042366336951055476
0.029846889096167374	-0.0011704772329698574
0.02974213255490923	-0.002730335258417742
0.02955472987218621	-0.004252115594960657
0.02928681886707159	-0.005732279347915219
0.028940722326002116	-0.007167472330847868
0.028518936201965706	-0.008554589287195524
0.028024116568295756	-0.009890762581604227
0.02745906746626592	-0.011173353749007008
0.026826726201932286	-0.012400011435740791
0.02613015160381285	-0.01356858105515467
0.025372508777764636	-0.014677222091910434
0.0245570579787282	-0.015724259570093116
0.023687139655577085	-0.016708340781932857
0.022766164075734004	-0.017628249017025505
0.021797597357820227	-0.018483081091184368
0.0207849519395863	-0.019272044579495762
0.019731774027291926	-0.01999463900799814
0.018641634966392883	-0.020650454019087907
0.017518120586142175	-0.02123933401592275
0.016364822460505527	-0.02176123555086763
0.015185329908769835	-0.02221627474715579
0.013983222149336665	-0.022604711064793243
0.012762061174516243	-0.022926931222445785
0.011525385002920186	-0.023183438123695225
0.01027670150607879	-0.023374849507272852
0.009019482669297979	-0.02350188819999827
0.0077571591060353155	-0.0235653732839236
0.006493114907288378	-0.023566218110676315
0.005230682764745269	-0.02350542704154978
0.003973139174100869	-0.023384090452226933
0.0027236999335534962	-0.023203381729513937
0.0014855155928582332	-0.02296456175459437
0.00026166681501417244	-0.022668972745306874
-0.0009448398018546104	-0.022318039654657708
-0.0021310764971452247	-0.02191327293156003
-0.0032941986611129473	-0.02145626783401555
-0.004431449632823369	-0.02094870462567053
-0.005540165154740697	-0.020392356229055122
-0.0066177783745296455	-0.01978906628540192
-0.007661823892116903	-0.019140815864291914
-0.008669945634815483	-0.018449644419106258
-0.009639897321359343	-0.01771762764399136
-0.010569547809974779	-0.016947027030199378
-0.01145689010873766	-0.016140152152856076
-0.012300042618084279	-0.015299395868208996
-0.01309725455353775	-0.014427239940337719
-0.013846910396569734	-0.013526246527979274
-0.01454753410336018	-0.012599054528119841
-0.015197792987298078	-0.011648370265849793
-0.01579650130182595	-0.010676965470353305
-0.016342623427415437	-0.009687666621542308
-0.0168352766041642	-0.008683346783230234
-0.017273733181609217	-0.007666916306095341
-0.017657422349962072	-0.006641312428024616
-0.01798593129815783	-0.005609488143901474
-0.0182590057762601	-0.0045744028701154744
-0.018476550037984166	-0.0035390001807982167
-0.01863862605898042	-0.0025062368595023523
-0.0187454539058253	-0.0014790118030251443
-0.01879740511160916	-0.0004601132653722502
-0.01879500426268733	0.0005475475766084295
-0.01873892688794975	0.0015412953648029674
-0.01862999019644852	0.002518455049183004
-0.018469155208692363	0.0034764087560804255
-0.018257517224850448	0.004412722084730962
-0.017996302279892917	0.005324965287472158
-0.017686862333431298	0.006210887630220922
-0.01733066706481785	0.00706832878046553
-0.016929299406101942	0.007895244465204867
-0.01648444802745198	0.008689726007914471
-0.01599790059875773	0.00944999495366233
-0.015471536698652736	0.010174396817335705
-0.014907321085419176	0.010861419458458362
-0.01430729574565339	0.01150968043149352
-0.0136735738298996	0.012117925272568166
-0.013008331178678787	0.012685053503955088
-0.012313800364514484	0.013210062566104231
-0.011592262878210398	0.013692124489894974
-0.010846042362163112	0.014130492174809169
-0.010077498292340777	0.01452458697129397
-0.00928901821569482	0.014873921664780375
-0.008483012736359456	0.015178145806880955
-0.007661907470602356	0.015437025427932183
-0.006828138493360824	0.015650425995137326
-0.005984144966568823	0.015818349762699486
-0.005132364037652919	0.01594087989877306
-0.004275224734149591	0.01601822902929694
-0.0034151426315872195	0.016050690075729856
-0.002554514230004887	0.016038678649142157
-0.0016957116065872847	0.01598269038731876
-0.0008410773855694805	0.01588332797345782
7.080678374334873e-6	0.01574128907851302
0.0008464939333533905	0.015557326950694669
0.0016749389200751764	0.015332402875108264
0.0024902436894910077	0.015067428085051557
0.0032902874637038026	0.01476342297278123
0.004073008368383665	0.01442159786618191
0.004836409579065077	0.01404310408194656
0.0055785616695630735	0.013629329075643334
0.00629760671518114	0.013181612880261059
0.006991765187149565	0.012701415435274374
0.007659337815322284	0.012190366537785435
0.008298708011627227	0.011649921775551957
0.00890834936823479	0.011081930429697724
0.00948683298050514	0.010488088481701517