1.2247448713915892	-0.7071067811865476
1.1775773932187092	-0.14677362811120231
1.1616791049722373	-0.08929882889045403
1.1492616060933674	-0.08241824017582754
1.1372660532616397	-0.08156597934638475
1.125323487532684	-0.08145471735231569
1.1133882156913857	-0.08143648672165867
1.101454470189905	-0.08143007671907553
1.089521523506839	-0.08142508979322642
1.0775892990475746	-0.0814201554167766
1.065657806365093	-0.08141508997069913
1.0537270677162163	-0.08140985897822256
1.0417971081580313	-0.08140445553563155
1.0298679537726083	-0.08139886616890266
1.0179396318308542	-0.08139309159552816
1.006012170947204	-0.08138711722123201
0.9940856012432875	-0.08138093642178214
0.9821599541481698	-0.08137453066257067
0.9702352621193898	-0.08136789090946497
0.9583115597399365	-0.08136100979737788
0.9463888832343742	-0.08135389463895012
0.9344672704449656	-0.08134650805757529
0.9225467606050061	-0.08133883095903346
0.910627395620495	-0.08133086623230798
0.8987092196015445	-0.08132262012655422
0.8867922779794342	-0.08131401944490009
0.8748766189571957	-0.08130508596658156
0.8629622946414255	-0.0812958256790683
0.8510493570617845	-0.08128614802839917
0.8391378630376716	-0.08127612033572859
0.8272278729370699	-0.08126563098423695
0.8153194482600731	-0.08125473648865879
0.8034126567803942	-0.08124335317788367
0.7915075662139408	-0.0812314950606758
0.7796042536108074	-0.0812190992245863
0.7677027946144744	-0.0812062045756583
0.755803273462918	-0.08119264253506331
0.7439057766940294	-0.08117856684536438
0.7320103977671952	-0.08116371978213194
0.7201172380174998	-0.08114826675048681
0.7082263979051415	-0.08113208955444803
0.6963379920795831	-0.08111501686420383
0.6844521387001463	-0.08109723730881618
0.6725689635779784	-0.08107854879629953
0.6606886016864331	-0.08105881776071906
0.648811197406195	-0.08103807814521255
0.6369369013964722	-0.08101636699825782
0.625065875647968	-0.08099352257370764
0.613198299631849	-0.08096925013971942
0.6013343627546144	-0.08094376074246051
0.5894742475285932	-0.08091701835447342
0.5776181858346633	-0.0808885663806113
0.565766408749242	-0.0808584902481026
0.5539191677495462	-0.08082664268446835
0.5420767371765143	-0.08079291749956687
0.5302393930846452	-0.0807571942414656
0.5184074488800656	-0.08071911923679566
0.5065812501297411	-0.0806787230406067
0.494761161777526	-0.08063571509860291
0.4829475789432877	-0.08058989217542543
0.4711409323493798	-0.08054100869367237
0.4593416903832026	-0.0804887876100746
0.4475503627523306	-0.08043294605577148
0.4357675041389369	-0.08037315078870055
0.42399372215093795	-0.08030898421340298
0.41222968154531475	-0.0802401345109431
0.4004761076693626	-0.08016611728553161
0.38873379727449686	-0.08008639466929812
0.37700362502039997	-0.08000036638301504
0.3652865556428919	-0.07990740673121448
0.3535836493231142	-0.07980689135815182
0.3418960843443815	-0.07969792761189536
0.33022516399032836	-0.07957960389170354
0.31857233263932955	-0.07945089568478507
0.3069391883889911	-0.07931064833069222
0.2953275230016696	-0.07915751878648099
0.28373933097491844	-0.07899001060218962
0.27217684648150187	-0.07880637538696728
0.2606425664910317	-0.07860470106881423
0.2491392955759762	-0.07838280417206153
0.23767018894013142	-0.07813800099292996
0.22623880927680823	-0.07786740709621322
0.21484917847700433	-0.0775676266280434
0.2035058500506909	-0.07723479377754916
0.19221398825979652	-0.07686444204657661
0.18097946213784186	-0.07645138448563579
0.16980895326740902	-0.0759896931953423
0.15871007896008185	-0.07547251539195238
0.14769153345633326	-0.0748919949981139
0.13676325828514915	-0.07423893931480667
0.12593662696764368	-0.07350293887092856
0.11522465441983556	-0.07267198978266007
0.10464223614957423	-0.07173241852872508
0.09420640858421221	-0.07066863514238153
0.08393663570450395	-0.06946308426598204
0.07385510616070388	-0.06809613584056981
0.0639870367946524	-0.06654609847043318
0.054360965176937275	-0.06478939046899938
0.0450090027672647	-0.06280089705684945
0.0359670167628308	-0.06055459982958474
0.027274697990674043	-0.058024602973433675
0.0189754350252357	-0.05518651293068495
0.011115972476394231	-0.05201932173934764
0.003745743628629618	-0.04850776863704395
-0.0030841657324940856	-0.0446450121375731
-0.009322465730405937	-0.04043563058429504
-0.014919539860014194	-0.035898260834406504
-0.01982966695924336	-0.031067746836355936
-0.0240134960960991	-0.02599622956283899
-0.02744056604704702	-0.020752662864679507
-0.030091625453317283	-0.015420546924711407
-0.03196048915901836	-0.010093920073423968
-0.03305520683275366	-0.00487203646052419
-0.033398389431791846	0.0001466414349055688
-0.03302665999264207	0.004870251334499704
-0.03198931486408279	0.009218385976469168
-0.030346396755560598	0.013125204688447793
-0.02816641013948846	0.01654110851488658
-0.025523953208973684	0.0194324406937768
-0.02249746015173885	0.021780189116594236
-0.019167209373325843	0.02357780936398671
-0.01561366641644005	0.02482889040739537
-0.011916167894481371	0.025544912631717275
-0.008151902107769116	0.02574346530610481
-0.004395111217646941	0.025447028756916096
-0.0007164232254396911	0.024682330925666646
0.0028177452073336385	0.023480179771390892
0.0061458047611239386	0.02187568845881505
0.009211650773157495	0.01990867452150912
0.011965377731646843	0.017623908031358094
0.014364030696053232	0.015071577264467598
0.016372368205058906	0.01230665412483815
0.017963541764994123	0.009388524233377537
0.019119655305636266	0.0063797668543602954
0.019832119597385706	0.0033445463587275666
0.020101748775566235	0.00034669457035662286
0.019938571521327327	-0.0025522229524591947
0.019361358005609026	-0.005294756849851106
0.01839688573732402	-0.007829288412646353
0.017078995455975188	-0.010111222888662803
0.015447504374012863	-0.012103686215334678
0.013547042641250104	-0.013777877550829386
0.011425874844800994	-0.0151129556559973
0.009134754079476228	-0.01609572253130938
0.0067258401520981686	-0.016720094061451196
0.004251695821121228	-0.016986554841878374
0.0017643606990405077	-0.016901666816008333
-0.0006854984713782052	-0.01647764356182998
-0.0030494068291963754	-0.015731973457038372
-0.005281822864812108	-0.014687265359037105
-0.007340874053212912	-0.013370934365889516
-0.009189045446164055	-0.01181497908826284
-0.01079382557517434	-0.010055609724638714
-0.012128288697763804	-0.008132730262855426
-0.013171586153838375	-0.0060892966414566405
-0.013909329640779573	-0.003970304355470513
-0.014333816332810402	-0.0018218246340251025
-0.014444103025167899	0.0003101588311543458
-0.01424589903546212	0.0023810319963320278
-0.013751291876332297	0.004348577696472369
-0.01297830497533458	0.006174085418594157
-0.011950327975463448	0.007823238593490184
-0.010695423922753034	0.009266618613485182
-0.009245577567100862	0.010480178312723614
-0.007635891282025683	0.011445442298419074
-0.0059037596780751045	0.012149549838182713
-0.004088062631618409	0.012585124333946762
-0.0022283655409419314	0.012750139853302292
-0.000364150639043046	0.01264771788335161
0.0014659198368762224	0.012285890527697263
0.0032247079128653842	0.011677388799524326
0.004877269136270842	0.010839373374607436
0.006391482389086195	0.00979317917609589
0.007738639536356976	0.00856394959810945
0.008893969601912636	0.007180233671970728
0.009837104539591223	0.0056734570716606095
0.010552454561771334	0.004077291862957709
0.011029484559103379	0.0024269251235666586
0.011262876439475336	0.0007582311164782765
0.011252568355443408	-0.0008930791782387863
0.011003666876307513	-0.0024923269008216963
0.010526234543160306	-0.004006686640032018
0.009834962221889107	-0.0054059294749061095
0.008948739908686778	-0.0066630599559627055
0.007890147953649892	-0.0077548016360924794
0.006684881316772727	-0.008661962180348976
0.00536113369594244	-0.009369660554709884
0.003948955196570641	-0.009867453510506928
0.002479600131047359	-0.010149348497179899
0.0009848772243862807	-0.01021375978982103
-0.0005034897892521316	-0.010063411275733961
-0.0019544824124237484	-0.009705184362243257
-0.0033383847415757624	-0.009149917406483788
-0.0046273516230654205	-0.008412282212501919
-0.005795939370168235	-0.007510338194351665
-0.00682159080169676	-0.006465336484818143
-0.00768506558676305	-0.005301246670299315
-0.008370811838211126	-0.004044292067465142
-0.008867246743528717	-0.002722378844648983
-0.009166965243605805	-0.0013644861314523928
-0.009266847193544082	2.2551405187698492e-17