0.001	12.596205169816802
0.0010232929922807535	12.451575782107666
0.0010471285480508996	12.308597081144502
0.001071519305237606	12.167250121872529
0.0010964781961431851	12.027516175694668
0.001122018454301963	11.889376727993383
0.0011481536214968829	11.752813475680819
0.001174897554939529	11.617808324777238
0.001202264434617413	11.484343388017114
0.0012302687708123812	11.352400982482884
0.0012589254117941675	11.221963627265737
0.0012882495516931337	11.093014041153403
0.0013182567385564075	10.965535140344423
0.0013489628825916532	10.83951003618879
0.0013803842646028853	10.714922032954457
0.001412537544622754	10.591754625619641
0.001445439770745928	10.469991497690403
0.0014791083881682072	10.349616519043455
0.0015135612484362087	10.230613743793661
0.0015488166189124811	10.112967408186213
0.001584893192461114	9.996661928512925
0.0016218100973589297	9.881681899052651
0.0016595869074375613	9.768012090035317
0.0016982436524617442	9.655637445629482
0.0017378008287493763	9.544543081953018
0.0017782794100389228	9.43471428510677
0.0018197008586099826	9.326136509230825
0.0018620871366628676	9.21879537458327
0.0019054607179632482	9.112676665641018
0.0019498445997580456	9.007766329222608
0.001995262314968879	8.904050472632637
0.0020417379446695297	8.80151536182761
0.0020892961308540386	8.700147419603002
0.0021379620895022326	8.599933223801184
0.002187761623949552	8.500859505540161
0.00223872113856834	8.402913147462666
0.0022908676527677724	8.306081182005586
0.0023442288153199225	8.210350789689349
0.00239883291901949	8.115709297427138
0.002454708915685031	8.022144176853628
0.0025118864315095794	7.929643042673142
0.0025703957827688645	7.8381936510268435
0.0026302679918953813	7.747783897878963
0.0026915348039269166	7.658401817421606
0.002754228703338166	7.570035580498181
0.002818382931264455	7.482673493045018
0.0028840315031266055	7.396303994551149
0.002951209226666387	7.310915656535915
0.003019951720402016	7.226497181044306
0.003090295432513592	7.143037399159754
0.0031622776601683794	7.06052526953425
0.003235936569296281	6.978949876935532
0.003311311214825911	6.8983004308112
0.0033884415613920273	6.818566263869566
0.0034673685045253167	6.739736830677017
0.0035481338923357532	6.661801706271735
0.003630780547701014	6.584750584793595
0.003715352290971728	6.5085732781300765
0.0038018939632056127	6.4332597145779395
0.003890451449942805	6.358799937520578
0.003981071705534973	6.285184104120818
0.004073802778041126	6.2124024840290515
0.004168693834703355	6.140445458106422
0.004265795188015926	6.069303517163041
0.004365158322401661	5.9989672607109465
0.0044668359215096305	5.929427395731729
0.004570881896148752	5.860674735458584
0.004677351412871981	5.792700198172709
0.004786300923226385	5.7254948060138195
0.004897788193684461	5.659049683804687
0.005011872336272725	5.593356057889485
0.005128613839913648	5.528405254985855
0.005248074602497723	5.464188701050472
0.005370317963702527	5.400697920158018
0.005495408738576248	5.3379245333934
0.005623413251903491	5.275860257757038
0.005754399373371567	5.214496905083115
0.00588843655355589	5.153826380970634
0.0060255958607435805	5.093840683727139
0.006165950018614822	5.034531903324955
0.00630957344480193	4.975892220369814
0.006456542290346556	4.917913905081747
0.006606934480075964	4.860589316288081
0.006760829753919818	4.803910900428421
0.006918309709189363	4.747871190571471
0.00707945784384138	4.692462805443596
0.007244359600749898	4.637678448468966
0.007413102413009177	4.583510906821153
0.007585775750291836	4.529953050486082
0.00776247116628692	4.476997831336186
0.007943282347242814	4.42463828221564
0.008128305161640995	4.372867516036574
0.008317637711026709	4.3216787248861275
0.008511380382023767	4.271065179144215
0.008709635899560805	4.221020226611928
0.008912509381337459	4.1715372916503775
0.009120108393559097	4.122609874329957
0.009332543007969905	4.074231549589828
0.009549925860214359	4.02639596640756
0.009772372209558112	3.9790968469788033
0.01	3.9323279859068747
0.010232929922807542	3.8860832494021382
0.010471285480508996	3.8403565744911052
0.010715193052376065	3.7951419682351055
0.01096478196143185	3.750433506958444
0.011220184543019636	3.7062253354859234
0.01148153621496883	3.6625116663896504
0.011748975549395297	3.6192867792449848
0.012022644346174132	3.5765450198955593
0.012302687708123818	3.5342807997272474
0.012589254117941675	3.4924885949509896
0.012882495516931342	3.4511629458943696
0.013182567385564075	3.4102984563018324
0.01348962882591654	3.369889792643466
0.013803842646028852	3.3299316834322275
0.014125375446227547	3.290418918549519
0.014454397707459272	3.2513463485790335
0.014791083881682071	3.2127088841487366
0.01513561248436208	3.174501495280929
0.01548816618912481	3.136719210750276
0.015848931924611134	3.099357117449698
0.0162181009735893	3.0624103597640424
0.016595869074375606	3.025874138951442
0.016982436524617443	2.9897437125322694
0.017378008287493755	2.9540143936855783
0.01778279410038923	2.918681550652954
0.018197008586099836	2.883740606149694
0.018620871366628676	2.8491870367831824
0.019054607179632473	2.8150163724784307
0.019498445997580455	2.781224195910637
0.0199526231496888	2.7478061419447095
0.020417379446695295	2.714757897081658
0.020892961308540396	2.6820751989117473
0.021379620895022326	2.649753835574351
0.02187761623949553	2.6177896452243994
0.0223872113856834	2.586178515505334
0.022908676527677734	2.5549163830284916
0.023442288153199226	2.523999232858821
0.02398832919019491	2.4934230980068524
0.02454708915685031	2.463184058926824
0.025118864315095808	2.43327824302089
0.025703957827688632	2.4037018241493175
0.026302679918953815	2.374451022146578
0.026915348039269153	2.345522102343276
0.02754228703338166	2.3169113750937913
0.028183829312644536	2.2886151953095744
0.028840315031266057	2.260629961998007
0.029512092266663854	2.2329521178067346
0.03019951720402016	2.205578148573385
0.030902954325135904	2.178504582880601
0.03162277660168379	2.1517279916162897
0.03235936569296283	2.1252449875390007
0.03311311214825911	2.0990522248483647
0.033884415613920256	2.073146398760492
0.034673685045253165	2.0475242450882454
0.03548133892335755	2.0221825398263187
0.03630780547701014	1.9971180987410198
0.03715352290971726	1.9723277769646734
0.038018939632056124	1.947808468594575
0.03890451449942807	1.9235571062963839
0.039810717055349734	1.899570660911903
0.04073802778041128	1.8758461410711265
0.04168693834703355	1.8523805928084969
0.04265795188015928	1.8291710991832655
0.04365158322401661	1.8062147799038897
0.04466835921509633	1.7835087909563654
0.04570881896148752	1.7610503242364162
0.046773514128719815	1.7388366071854564
0.047863009232263824	1.7168649024302298
0.04897788193684462	1.6951325074260548
0.05011872336272722	1.6736367541035784
0.05128613839913648	1.65237500851895
0.05248074602497726	1.631344670507345
0.05370317963702527	1.6105431733397275
0.054954087385762455	1.5899679833827907
0.05623413251903491	1.5696165997619724
0.057543993733715694	1.5494865540274545
0.0588843655355589	1.529575409823084
0.06025595860743578	1.5098807625580977
0.06165950018614822	1.4904002390815907
0.06309573444801933	1.4711314973596186
0.06456542290346556	1.4520722261548675
0.06606934480075961	1.4332201447087904
0.06760829753919818	1.4145730024261247
0.06918309709189366	1.3961285785617163
0.0707945784384138	1.3778846819095447
0.07244359600749903	1.3598391504938783
0.07413102413009177	1.3419898512624666
0.0758577575029184	1.3243346797816786
0.07762471166286919	1.3068715599335174
0.07943282347242818	1.2895984436144
0.08128305161640995	1.2725133104356454
0.08317637711026708	1.2556141674255616
0.08511380382023763	1.23889904873306
0.08709635899560805	1.2223660153327105
0.08912509381337455	1.2060131547311517
0.09120108393559097	1.1898385806747707
0.0933254300796991	1.1738404328585752
0.09549925860214359	1.1580168766361738
0.09772372209558107	1.1423661027307792
0.1	1.1268863269471567
0.10232929922807547	1.1115757898844414
0.10471285480508996	1.0964327566497365
0.10715193052376071	1.0814555165724251
0.1096478196143185	1.066642382919108
0.1122018454301963	1.0519916926091015
0.1148153621496883	1.0375018059304122
0.11748975549395291	1.0231711062561244
0.12022644346174131	1.0089979997611143
0.1230268770812381	0.9949809151390415
0.12589254117941676	0.9811183033195273
0.12882495516931336	0.9674086371854633
0.13182567385564073	0.953850411290389
0.13489628825916533	0.940442141575868
0.13803842646028852	0.9271823650887976
0.1412537544622754	0.9140696396986069
0.1445439770745928	0.901102543814269
0.1479108388168207	0.8882796761010888
0.15135612484362088	0.8755996551971997
0.1548816618912481	0.8630611194297301
0.15848931924611143	0.8506627265305856
0.16218100973589297	0.8384031533518126
0.16595869074375613	0.8262810955804823
0.16982436524617442	0.8142952674530874
0.17378008287493762	0.8024444014693829
0.1778279410038923	0.7907272481056701
0.18197008586099844	0.7791425755274709
0.18620871366628675	0.7676891693015887
0.19054607179632482	0.7563658321075171
0.19498445997580455	0.7451713834481999
0.19952623149688808	0.7341046593601078
0.20417379446695297	0.7231645121226453
0.20892961308540386	0.7123498099668663
0.21379620895022325	0.7016594367835108
0.21877616239495518	0.6910922918303671
0.223872113856834	0.6806472894389586
0.22908676527677724	0.6703233587205889
0.23442288153199228	0.6601194432717459
0.239883291901949	0.6500345008789116
0.2454708915685031	0.6400675032227828
0.25118864315095796	0.6302174355819682
0.25703957827688645	0.6204832965361776
0.26302679918953814	0.6108640976689687
0.26915348039269166	0.6013588632700952
0.2754228703338166	0.5919666300375233
0.2818382931264455	0.5826864467791721
0.28840315031266056	0.5735173741144632
0.2951209226666387	0.5644584841757405
0.3019951720402016	0.5555088603096623
0.30902954325135923	0.5466675967786395
0.31622776601683794	0.5379337984624327
0.32359365692962844	0.5293065805599948
0.3311311214825911	0.5207850682916846
0.33884415613920277	0.5123683966019584
0.34673685045253166	0.5040557098626625
0.3548133892335757	0.4958461615770619
0.3630780547701014	0.48773891408473535
0.3715352290971724	0.4797331382674813
0.38018939632056126	0.47182801325638263
0.3890451449942805	0.4640227261401876
0.3981071705534973	0.4563164716751623
0.4073802778041126	0.4487084519965906
0.41686938347033553	0.441197876332084
0.42657951880159256	0.4337839607168929
0.4365158322401661	0.4264659277113912
0.44668359215096304	0.4192430061209346
0.4570881896148752	0.4121144307182813
0.4677351412871981	0.4050794419687807
0.47863009232263853	0.3981372857585281
0.48977881936844614	0.3912872131257059
0.5011872336272725	0.3845284799953099
0.5128613839913648	0.3778603469174951
0.5248074602497729	0.3712820788097448
0.5370317963702527	0.3647929447031026
0.5495408738576248	0.3583922174926821
0.5623413251903491	0.3520791736926867
0.5754399373371573	0.3458530931961749
0.588843655355589	0.3397132590397938
0.6025595860743581	0.333658957173718
0.6165950018614822	0.32768947623703043
0.6309573444801936	0.32180410733876347
0.6456542290346556	0.31600214384485176
0.6606934480075958	0.31028288117120667
0.6760829753919819	0.3046456165831501
0.6918309709189363	0.2990896490014339
0.707945784384138	0.29361427881505525
0.7244359600749899	0.2882188077011008
0.7413102413009177	0.2829025384518085
0.7585775750291835	0.2776647748090834
0.776247116628692	0.27250482130663745
0.7943282347242814	0.26742198311996657
0.8128305161640995	0.262415565924341
0.8317637711026709	0.25748487576098794
0.8511380382023768	0.252629218911632
0.8709635899560806	0.24784790178155658
0.8912509381337459	0.24314023079132022
0.9120108393559097	0.23850551227727976
0.9332543007969915	0.23394305240102914
0.9549925860214359	0.22945215706786815
0.9772372209558111	0.22503213185440454
1.	0.22068228194535827
1.0232929922807548	0.2164019120796478
1.0471285480508996	0.2121903265058031
1.071519305237607	0.2080468289467446
1.096478196143185	0.2039707225739456
1.1220184543019642	0.19996130999097575
1.1481536214968828	0.19601789322642946
1.1748975549395304	0.19213977373617336
1.2022644346174132	0.188326252414896
1.2302687708123812	0.1845766296168641
1.2589254117941675	0.18089020518580903
1.2882495516931336	0.17726627849383808
1.3182567385564075	0.17370414848922505
1.3489628825916533	0.1702031137529664
1.3803842646028852	0.16676247256389767
1.412537544622754	0.16338152297222966
1.4454397707459279	0.16005956288125814
1.4791083881682072	0.156795890137063
1.5135612484362087	0.1535898026259294
1.5488166189124812	0.15044059837925516
1.584893192461114	0.1473475756856453
1.6218100973589298	0.14431003320993152
1.6595869074375613	0.14132727011877855
1.6982436524617444	0.13839858621257825
1.7378008287493762	0.13552328206328018
1.7782794100389228	0.13270065915780474
1.8197008586099843	0.12993002004669404
1.8620871366628675	0.127210668497595
1.9054607179632483	0.12454190965320776
1.9498445997580456	0.12192305019330471
1.9952623149688808	0.11935339850039454
2.0417379446695296	0.11683226482863615
2.089296130854041	0.11435896147558455
2.1379620895022327	0.11193280295633946
2.1877616239495516	0.10955310617964567
2.23872113856834	0.10721919062558995
2.2908676527677723	0.10493037852436982
2.344228815319923	0.10268599503577208
2.39883291901949	0.10048536842892543
2.454708915685031	0.09832783026186893
2.5118864315095797	0.09621271556056477
2.570395782768865	0.09413936299692285
2.6302679918953813	0.09210711506540777
2.691534803926917	0.09011531825789751
2.7542287033381663	0.08816332323634211
2.818382931264455	0.08625048500288525
2.8840315031266055	0.08437616306709211
2.951209226666387	0.0825397216098999
3.019951720402016	0.08074052964400658
3.090295432513592	0.078977961170351
3.1622776601683795	0.07725139533038425
3.2359365692962845	0.07556021655386441
3.311311214825911	0.07390381470187915
3.3884415613920273	0.07228158520491666
3.4673685045253166	0.07069292919564409
3.548133892335757	0.0691372536363255
3.630780547701014	0.06761397144055949
3.715352290971728	0.06612250158924317
3.801893963205613	0.06466226924062063
3.890451449942805	0.0632327058342286
3.981071705534973	0.06183324918868299
4.073802778041126	0.0604633435932014
4.168693834703355	0.05912243989281836
4.265795188015925	0.05780999556714076
4.365158322401661	0.056525474802788196
4.46683592150963	0.055268348559354905
4.570881896148752	0.05403809462897588
4.677351412871981	0.0528341976894643
4.786300923226385	0.05165614935115016
4.897788193684462	0.05050344819742352
5.011872336272725	0.0493755998189403
5.1286138399136485	0.04827211684191659
5.248074602497728	0.04719251895009608
5.370317963702527	0.0461363329010575
5.4954087385762485	0.04510309253667682
5.623413251903491	0.044092338787496625
5.754399373371572	0.043103619672445255
5.88843655355589	0.04213649029225333
6.025595860743581	0.04119051281835956
6.165950018614822	0.04026525647627673
6.309573444801936	0.03936029752450797
6.456542290346556	0.03847521922852402
6.606934480075965	0.03760961183016858
6.760829753919819	0.03676307251333658
6.918309709189363	0.035935205364547675
7.07945784384138	0.035125621330496265
7.244359600749899	0.03433393817147675
7.413102413009177	0.03355978041124947
7.585775750291836	0.03280277928337711
7.76247116628692	0.032062572674990734
7.943282347242813	0.03133880506773453
8.128305161640995	0.03063112747464672
8.317637711026709	0.029939197374805448
8.511380382023768	0.029262678647946083
8.709635899560805	0.02860124150340937
8.91250938133746	0.027954562409198486
9.120108393559097	0.027322324018645004
9.332543007969914	0.02670421509334651
9.549925860214358	0.026099930434965765
9.772372209558112	0.025509170787865573
10.	0.02493164278590505
10.232929922807536	0.024367058852185906
10.471285480509007	0.023815137124420644
10.71519305237607	0.02327560138091992
10.964781961431852	0.02274818093536561
11.220184543019629	0.02223261057774262
11.481536214968841	0.021728630488731943
11.748975549395302	0.021235986131216952
12.02264434617413	0.02075442819457741
12.30268770812381	0.020283712496472952
12.589254117941662	0.019823599901299758
12.88249551693135	0.019373856236097955
13.182567385564074	0.018934252206605384
13.489628825916533	0.018504563313596362
13.803842646028839	0.01808456976957365
14.125375446227554	0.017674056415843836
14.45439770745928	0.017272812640100905
14.791083881682072	0.01688063229455532
15.135612484362072	0.016497313614642784
15.488166189124827	0.016122659138389814
15.848931924611142	0.01575647562654387
16.218100973589298	0.015398573983340534
16.595869074375596	0.01504876917817614
16.98243652461746	0.01470688016803703
17.378008287493763	0.014372729820822073
17.78279410038923	0.014046144839533276
18.197008586099827	0.013726955687450377
18.620871366628695	0.013414996514157746
19.054607179632484	0.013110105082637945
19.498445997580454	0.012812122697269343
19.952623149688787	0.01252089413288022
20.417379446695318	0.012236267564814688
20.892961308540407	0.011958094500011104
21.379620895022324	0.011686229709153121
21.87761623949552	0.011420531159810576
22.387211385683422	0.011160859950659916
22.90867652767775	0.010907080246843791
23.442288153199225	0.010659059216270762
23.9883291901949	0.010416666966958602
24.547089156850287	0.01017977648566914
25.11886431509582	0.009948263577270905
25.703957827688647	0.009722006805441259
26.302679918953814	0.00950088743421442
26.91534803926914	0.009284789370694404
27.54228703338169	0.00907359910881658
28.18382931264455	0.00886720567404396
28.84031503126606	0.008665500569168568
29.51209226666384	0.008468377721062187
30.199517204020193	0.00827573342855754
30.90295432513592	0.008087466311196388
31.622776601683793	0.007903477259012331
32.35936569296281	0.007723669383262619
33.11311214825915	0.007547947968150181
33.884415613920275	0.007376220423577467
34.673685045253166	0.007208396238621769
35.481338923357534	0.007044386936211975
36.30780547701018	0.0068841060284112405
37.15352290971728	0.006727468972935828
38.018939632056124	0.006574393130284924
38.904514499428046	0.006424797721859502
39.81071705534978	0.006278603788988206
40.7380277804113	0.006135734152660105
41.68693834703355	0.005996113374329082
42.65795188015925	0.005859667717110837
43.65158322401656	0.005726325108392525
44.668359215096345	0.005596015102650806
45.708818961487516	0.005468668845438153
46.77351412871981	0.005344219037851453
47.863009232263806	0.005222599902084114
48.97788193684466	0.00510374714739715
50.11872336272725	0.004987597936897138
51.28613839913648	0.004874090855316806
52.48074602497723	0.004763165876870145
53.70317963702533	0.004654764334542119
54.954087385762485	0.004548828889445331
56.23413251903491	0.004445303501083367
57.543993733715666	0.0043441333984182
58.884365535558956	0.004245265051177068
60.25595860743581	0.004148646142072572
61.65950018614822	0.00405422553964246
63.0957344480193	0.003961953271494615
64.56542290346563	0.0038717804982335052
66.06934480075964	0.0037836594881367797
67.60829753919819	0.003697543591915401
69.18309709189363	0.003613387218690157
70.79457843841388	0.003531145811839857
72.44359600749905	0.003450775825779808
74.13102413009177	0.0033722347033519414
75.85775750291836	0.003295480853152832
77.62471166286912	0.0032204736281176804
79.43282347242821	0.0031471733038990254
81.28305161640995	0.003075541058094216
83.17637711026708	0.0030055389500532287
85.11380382023759	0.0029371299007773005
87.09635899560814	0.0028702776733575243
89.12509381337459	0.0028049468539656976
91.20108393559097	0.0027411028336834847
93.32543007969905	0.0026787117894672232
95.49925860214368	0.0026177406669641336
97.72372209558111	0.002558157163011239
100.	0.002499929708457749