-1.140175425099138	0.8366600265340758
-1.0743487514442696	0.7134086017706243
-1.0172530997972236	0.6289757293330238
-0.966249545189403	0.5689441997631154
-0.9196390971154579	0.5250163048438793
-0.8762808557751661	0.4920978639350214
-0.8353846480659111	0.4669067466033376
-0.7963903970883301	0.4472479895310113
-0.7588941270074342	0.43160968837210334
-0.7226006662941786	0.4189247209629744
-0.68729239421893	0.40842452354926706
-0.652808036100908	0.3995454488804341
-0.6190279595663127	0.3918674340263953
-0.5858637976094785	0.3850725669130743
-0.5532510099980259	0.3789166956878814
-0.5211434942515228	0.37320933916706533
-0.4895096367773689	0.36779959354977304
-0.4583294012909668	0.36256574362741495
-0.4275921618065161	0.35740799932679856
-0.3972950880025205	0.3522428020245425
-0.3674419360466008	0.3469988392945141
-0.3380421389456624	0.3416140108198867
-0.30911012003571614	0.3360331982541787
-0.28066477546238033	0.3302065673797239
-0.25272906951552865	0.3240884452104175
-0.2253297221216387	0.31763644707633
-0.19849695034207518	0.3108109761973986
-0.17226424296116372	0.3035749680627916
-0.14666814855156188	0.29589382937560027
-0.1217480580134654	0.28773562756041926
-0.09754596693882499	0.2790713064580538
-0.07410620447309002	0.26987540281826666
-0.0514751100715317	0.2601264380086716
-0.02970065429722213	0.24980775653045434
-0.008831991764646534	0.23890841789316403
0.011081059758557136	0.22742402949981896
0.029988619709240764	0.21535763981529416
0.04784141998743244	0.20272067876820485
0.06459155057917233	0.189533697271923
0.08019327055916399	0.1758269692486539
0.0946038576967257	0.16164099152138098
0.1077844880500092	0.14702659617784786
0.11970111416963458	0.13204478916614137
0.13032531328137237	0.11676621113828026
0.1396350763728936	0.1012702562734182
0.14761550582908975	0.08564383781951454
0.15425939292759364	0.06997984761821144
0.15956764940321008	0.05437531238997473
0.16354957557942904	0.03892936789887694
0.16622295280927532	0.02374117052639793
0.16761395729070924	0.008907839404646487
0.16775690116383574	-0.0054774829366440805
0.16669381539854958	-0.01932738075381813
0.1644738963976106	-0.032561639094435185
0.16115284260956036	-0.045108352647491766
0.15679211056721415	-0.05690467216867061
0.1514581212026928	-0.06789720125226358
0.1452214464203598	-0.07804206868978017
0.13815600303352019	-0.08730471401165382
0.1303382769061698	-0.09565943508834945
0.12184659476618431	-0.10308872121569038
0.11276045602766023	-0.10958248808321011
0.10315993262956903	-0.11513725684102212
0.09312513862412633	-0.11975535394043169
0.08273577350577936	-0.1234441203493318
0.07207071970036996	-0.12621516710318498
0.06120770612959888	-0.1280838166188956
0.05022301633562616	-0.12906855231150222
0.03919123406679284	-0.12919064243392533
0.028185017381547675	-0.12847388685300065
0.017274890511293023	-0.1269444546435352
0.006529044635510283	-0.12463082100470829
-0.003986860007538478	-0.12156379720823511
-0.014209896959933577	-0.11777662784664761
-0.02408008531798597	-0.11330509797735042
-0.033540614181734985	-0.108187686872894
-0.042538078688596784	-0.10246572045490089
-0.051022728240757716	-0.09618347843779707
-0.05894872167497111	-0.08938826932547617
-0.06627438560506103	-0.08213041224762156
-0.07296246992637102	-0.0744631497271916
-0.07898039166376256	-0.06644250999618481
-0.08430045955603958	-0.05812702399094156
-0.08890007136953915	-0.049577310083528614
-0.09276187629199106	-0.04085562718665799
-0.09587389293346173	-0.032025379147020756
-0.09822957735605338	-0.023150460937873242
-0.09982783839025537	-0.014294584983013227
-0.10067299533194872	-0.005520631317090104
-0.10077467679362338	0.0031100199793079385
-0.10014766342513062	0.011538168151037009
-0.09881167738672818	0.019707381811843772
-0.09679112206071501	0.02756451237409923
-0.09411477946186035	0.03506019261229636
-0.09081547368309255	0.04214918724016334
-0.0869297065709517	0.04879068354488126
-0.08249726940549496	0.054948348046663514
-0.07756085196808639	0.06059067370597604
-0.07216564241393163	0.06569073501279503
-0.0663589249181167	0.07022621487482711
-0.06018969285281924	0.07417942338783812
-0.053708268088745084	0.07753695654306178
-0.0469659328535181	0.08028961808029102
-0.04001458176290387	0.08243226108256926
-0.03290638628298924	0.08396352211567741
-0.025693476247006478	0.08488570057277905
-0.018427636769680636	0.0852045534267905
-0.01116001717047466	0.08492917081755667
-0.003940854049193893	0.08407185701619711
0.0031807984420045444	0.08264796774848895
0.01015732818619598	0.08067589676295252
0.01694281674046262	0.07817694389001353
0.023493287059271922	0.07517524465621324
0.029766942378336967	0.07169772804444799
0.03572440005762626	0.06777399574090494
0.04132891715496467	0.06343626123362399
0.04654660611620375	0.05871917928002789
0.05134664060604817	0.0536597352210669
0.055701443506147356	0.0482970657545478
0.05958686048268731	0.04267214725937767
0.06298231221260532	0.03682765604433756
0.06587091893987415	0.030807587881683942
0.06823960265717632	0.02465689855777797
0.07007915665771429	0.018421226710627077
0.07138428136255134	0.012146436095420746
0.07215358960223751	0.005878206958136852
0.07238957476864959	-0.0003383180086313619
0.07209854462283695	-0.006458986880242867
0.07129052236029652	-0.012440997469591694
0.06997911381430835	-0.018243276108102675
0.06818134674714117	-0.023826823489590854
0.06591748168865776	-0.029154952752983087
0.06321079894049869	-0.03419362130116952
0.06008736860813601	-0.03891161527421147
0.056575801075315284	-0.04328064726646987
0.05270698667267917	-0.04727556869353369
0.048513828589387756	-0.050874494407184424
0.04403096467335302	-0.05405858358977091
0.03929449537564595	-0.056812449993762025
0.03434170626860479	-0.05912376544532004
0.029210789938623173	-0.06098350608662826
0.023940581372005276	-0.062385747741717824
0.018570286396458385	-0.06332763364110608
0.013139225282040458	-0.06380937118452062
0.007686576395887113	-0.0638340545954249
0.0022511291214025696	-0.06340768092465039
-0.0031289575957861547	-0.06253901892620885
-0.008416390420873273	-0.061239553014101396
-0.013574969419973756	-0.05952340165136764
-0.018569809196884335	-0.05740722029753705
-0.02336755271727876	-0.05491013324101306
-0.027936575756870488	-0.05205360097509839
-0.03224718452480013	-0.048861329895836796
-0.036271799106573216	-0.045359148507067154
-0.039985129615091125	-0.04157479625933122
-0.04336433460634398	-0.03753788230434411
-0.046389166136390374	-0.03327951901099317
-0.04904209945586596	-0.028832296605950228
-0.051308437957623465	-0.024229898192915898
-0.05317640421930332	-0.019506914305795924
-0.05463720402840257	-0.014698611053724667
-0.05568506842404571	-0.009840546832614028
-0.056317271891889245	-0.0049683699282977774
-0.05653412346152904	-0.00011749124964081491
-0.05633893518357421	0.0046772213187875195
-0.05573796378429229	0.00938170390025368
-0.05474032989612052	0.013962991992625112
-0.05335791334104635	0.018389446265807338
-0.05160522808598157	0.022631047602535797
-0.04949927863959106	0.02665953802474802
-0.04705939615805381	0.030448651014577145
-0.044307064962975234	0.03397430173578588
-0.041265731655447564	0.037214606369656546
-0.03796060572808787	0.040150142734813765
-0.034418454935014026	0.04276391513682721
-0.030667388911753433	0.04504142373511818
-0.026736644963873846	0.04697079309042528
-0.022656368219011406	0.048542651372062755
-0.018457390385052345	0.049750239622114154
-0.014171012750742671	0.05058936467027214
-0.009828786843393729	0.051058327054743946
-0.005462298351815154	0.051158010689437164
-0.0011029575668051166	0.05089166650472146
0.003218210929233939	0.050265026147683294
0.007470769421606777	0.049286140813403385
0.011625068317055441	0.047965357911578604
0.015652434832276046	0.046315247086795755
0.01952536174848017	0.04435048083918202
0.023217683009623853	0.04208782204863142
0.026704745133252463	0.03954589110873002
0.029963566266690524	0.03674521354848974
0.0329729853183067	0.03370789888769658
0.035713801350481654	0.030457687301954403
0.038168893453425445	0.02701960430362917
0.04032333887692539	0.02341997717837211
0.04216449627729175	0.019686005521738513
0.043682093826433864	0.015845833036406694
0.04486827834068497	0.011928051873040846
0.04571766571918542	0.007961752519988015
0.04622735329991981	0.003976031919935808
0.046396928610770834	2.862293735361732e-17