-0.2800089258551453	1.3862160731435211
-0.24465336715106048	1.2757683383991059
-0.2120050587449123	1.1819280632770481
-0.18167228883667358	1.1011263076566662
-0.15334499032818522	1.0307330480350723
-0.12677387604839838	0.968768783934838
-0.10175583636219288	0.9137145814867289
-0.0781234668247041	0.8643872017284523
-0.05573739495890297	0.8198501812451503
-0.034480550775234646	0.7793534691296612
-0.014253840228682807	0.7422894746765714
0.005027206798451259	0.7081613489319462
0.023435036472692433	0.6765586331224172
0.04103212712616732	0.6471391498556263
0.05787262474409448	0.6196165678539068
0.07400367092208511	0.5937489873249888
0.08946647436480919	0.5693309414783627
0.10429719820702778	0.5461874785404107
0.11852768146695457	0.5241678280068596
0.13218605415826462	0.5031427935821837
0.14529724633513091	0.48300062577426156
0.1578834192090479	0.4636445027950174
0.16996433038340797	0.4449903295163081
0.18155765525103093	0.42696504909039834
0.19267924409326956	0.40950444883022225
0.2033433676865533	0.392553265657978
0.2135629115344783	0.3760631647138529
0.223349559024855	0.35999158270473364
0.23271394537090231	0.3443018469807477
0.24166578899579397	0.3289621270795655
0.2502140204665986	0.3139446800582235
0.25836688560796317	0.2992253891120767
0.26613203108318423	0.2847839308659406
0.27351660670399025	0.2706024234324669
0.2805273241053658	0.25666636177634267
0.2871705339360925	0.24296272312960535
0.29345228069910495	0.22948152397644955
0.29937835471673707	0.21621377142094153
0.30495434372599656	0.2031528938596121
0.31018567164466226	0.19029342465203075
0.3150776397261309	0.177631172019195
0.3196354448153042	0.16516304744583615
0.32386423122257507	0.15288748408802505
0.3277690941587857	0.14080291570081793
0.3313551161948935	0.12890954407321523
0.3346273768116719	0.11720712952735257
0.337590970713543	0.1056969978490439
0.34025102294153176	0.09437998722016021
0.34261269270814754	0.08325802447248706
0.3446811908064887	0.0723327622009451
0.3464617747383456	0.06160637128864935
0.3479597639762783	0.05108100473708005
0.3491805319213107	0.04075885596168391
0.3501295156897377	0.03064226309051331
0.3508122087577223	0.020733310504821422
0.3512341638887523	0.011034234823956705
0.35140098742658504	0.0015469017446222866
0.35131833667766976	-0.007726762226108608
0.3509919157101673	-0.016785164272431482
0.35042746922042545	-0.025626839665121217
0.3496307773662185	-0.03425060375496171
0.3486076486963874	-0.042655498470527964
0.3473639138657711	-0.05084079629973602
0.34590542073584124	-0.05880598289764401
0.344238024574163	-0.06655100205342146
0.3423675811002648	-0.07407580139801324
0.3402999443923288	-0.08138069528816887
0.3380409528140908	-0.08846642141222223
0.33559642644844273	-0.09533367698010987
0.3329721604442467	-0.1019836551632731
0.330173916633479	-0.10841758976787019
0.32720742105884487	-0.11463704981062406
0.3240783536197279	-0.12064380340093273
0.32079234748810215	-0.1264397148300952
0.3173549802003471	-0.1320270177651256
0.31377177133118345	-0.13740787091929815
0.31004817800192924	-0.14258483090485485
0.3061895892474313	-0.14756038061566268
0.3022013263150428	-0.15233724374742671
0.29808863515640394	-0.15691825239216856
0.2938566867830767	-0.16130627277018103
0.2895105732916893	-0.1655043446837439
0.2850553075998047	-0.16951536909031467
0.2804958230432925	-0.1733425045007846
0.27583696653284967	-0.17698896473577938
0.27108350335451853	-0.18045775752242876
0.2662401156531022	-0.18375214106187512
0.2613113987544505	-0.18687530790658882
0.2563018645858331	-0.18983039373539143
0.2512159408704573	-0.19262058931153866
0.24605797067417717	-0.19524903159069543
0.2408322154359433	-0.19771875967707433
0.23554285482545334	-0.20003289203885333
0.23019398537192207	-0.20219451359675164
0.2247896240534712	-0.20420655110722916
0.21933371008683147	-0.20607192884686165
0.2138301051193919	-0.20779354724480115
0.20828259498780016	-0.20937420395297704
0.20269489172607566	-0.21081665665119087
0.19707063499740027	-0.21212358404289003
0.19141339452357978	-0.2132975682495222
0.18572667167497112	-0.2143411829706502
0.18001390011736265	-0.21525692017467513
0.17427844916703067	-0.21604712768717846
0.1685236266788673	-0.21671411896943402
0.16275267831143717	-0.21726022212512988
0.15696878990290997	-0.21768759747639918
0.15117509200923307	-0.21799826857581905
0.14537466033562813	-0.21819435320451055
0.13957051498256703	-0.2182778685110335
0.1337656251344293	-0.21825063000032366
0.12796291254229714	-0.21811445378693556
0.12216524894651	-0.21787122902199246
0.11637545827676551	-0.2175226476806035
0.11059632199523443	-0.2170702474101883
0.10483057889891498	-0.21651572289277402
0.09908092302371234	-0.21586068574795117
0.09335000845570066	-0.21510653245619593
0.08764045292603875	-0.21425467629999492
0.08195483412706933	-0.213306654248763
0.07629569113685024	-0.21226381537668215
0.07066552964952288	-0.2111273573472936
0.0650668214360603	-0.20989866516126518
0.05950200119453797	-0.2085790766358246
0.053973470701298584	-0.2071697325636373
0.04848360207344632	-0.2056717979621061
0.043034733619765814	-0.20408659460480028
0.0376291702642315	-0.20241529187460514
0.03226918795906653	-0.20065893031932538
0.026957032936523177	-0.19881873923816423
0.021694918013939815	-0.19689594098205965
0.016485025557045428	-0.19489160495587213
0.011329509953737507	-0.19280683018712785
0.006230493624683907	-0.1906428778634954
0.0011900665224107545	-0.1884009110524414
-0.0037897108807375905	-0.18608200684748374
-0.008706808527754451	-0.18368740520188614
-0.013559230292838256	-0.18121837133426177
-0.018345012539455134	-0.17867608441659213
-0.023062222911757038	-0.1760617618126456
-0.027708963557647997	-0.17337675239996647
-0.03228337219756651	-0.1706223725203816
-0.03678362106328925	-0.16779991492792512
-0.041207918087534885	-0.16491078568161444
-0.04555450938429841	-0.1619564289118382
-0.04982167942309629	-0.15893828646056002
-0.0540077515019159	-0.15585785361651608
-0.05811108970864159	-0.1527166886985256
-0.06213009996774142	-0.1495163835060934
-0.06606323117437522	-0.14625858223320962
-0.06990897675379991	-0.1429449778880397
-0.07366587531589848	-0.13957728714290457
-0.0773325122234184	-0.1361573126153312
-0.08090752193969747	-0.1326869322850461
-0.08438958847663511	-0.12916799042361696
-0.08777744573256682	-0.12560241708178968
-0.09106988068765348	-0.12199227104530483
-0.09426573540907271	-0.11833959397727614
-0.09736390542315615	-0.11464640962020335
-0.10036334212360748	-0.1109149020826456
-0.10326305678923188	-0.10714735390623424
-0.10606211959566542	-0.10334591093429449
-0.10875965870028044	-0.09951282998752352
-0.11135486485654117	-0.09565055407127575
-0.11384699379034799	-0.09176145645299662
-0.11623536238805714	-0.0878478339514762
-0.11851935117387999	-0.08391218571923759
-0.12069840932126281	-0.07995712246046466
-0.12277205259895219	-0.07598503921823106
-0.12473986110695731	-0.07199843361478424
-0.1266014841720071	-0.0680000060951257
-0.12835664279349143	-0.06399236091879358
-0.13000512434978267	-0.05997796653546291
-0.13154678437839992	-0.0559594943618686
-0.13298155139481085	-0.051939695353046
-0.13430942404882043	-0.04792111779336699
-0.13553046990525983	-0.043906424149452415
-0.1366448282195724	-0.03989829482989101
-0.1376527078638449	-0.03589931567928209
-0.13855438764035286	-0.03191216657743972
-0.1393502172669882	-0.027939456421090834
-0.14004061464350992	-0.02398375266427215
-0.14062606732002852	-0.020047703223529247
-0.1411071315758503	-0.016133811853434564
-0.1414844301329588	-0.012244618333140217
-0.1417586548706029	-0.00838271728370485
-0.14193056143169744	-0.00455034505186682
-0.14200096861483402	-0.0007500660576912213
-0.14197076237422934	0.0030157259651389426
-0.14184089142026376	0.006744669550562983
-0.14161236475277036	0.010434597530950909
-0.14128625112824564	0.01408313756635811
-0.14086367893749144	0.01768826132766516
-0.14034583280481763	0.02124768639484602
-0.1397339537145138	0.024759519541366248
-0.13902933627330616	0.028221583990747152
-0.13823332842621153	0.03163206538397796
-0.1373473271985581	0.03498907431036032
-0.13637277826966546	0.03829082868464084
-0.13531117737363768	0.04153541680570056
-0.1341640786499874	0.0447213595499958