1.2649110640673515	0.6324555320336762
1.3042510616700287	0.39973773764035525
1.3278271220067008	0.22010604337862744
1.3391612258403756	0.08005541002302811
1.3409485106116976	-0.029060272494639657
1.3353144748771513	-0.11363953821405957
1.3239450784626976	-0.17879030644791283
1.3081704285621132	-0.2286824173072856
1.2890304065769165	-0.2667036433261317
1.2673306583043564	-0.2955667980153477
1.2436906948262312	-0.31741018159752954
1.218584315137476	-0.33389607309723124
1.1923726614409698	-0.3463026839133713
1.1653306080557289	-0.3556048318214692
1.13766742605043	-0.3625417944327968
1.1095427251303462	-0.36767222054214604
1.0810786397874392	-0.37141717925389844
1.0523690697206498	-0.37409376456530885
1.0234866615538587	-0.3759406085444197
0.9944880678342465	-0.37713726083563087
0.9654179083122835	-0.3778187975013708
0.9363117539127093	-0.3780867392189387
0.90719837971474	-0.378017247778943
0.8781014697049311	-0.37766726354509755
0.8490409130501406	-0.37707907906745936
0.8200337921634699	-0.3762837798039418
0.7910951431850356	-0.37530380356237486
0.7622385436386626	-0.3741548736954937
0.7334765711675609	-0.37284744022276195
0.7048211658914558	-0.37138777089142094
0.6762839195246714	-0.3697787652340731
0.6478763105900733	-0.3680205450510785
0.6196098983111229	-0.36611096192157677
0.5914964855455008	-0.3640458960140032
0.5635482587786419	-0.3618195201361696
0.5357779124313008	-0.3594245074731806
0.5081987585829499	-0.35685216347048476
0.4808248278602179	-0.35409253538651675
0.45367096310226457	-0.3511344904677687
0.42675290715409925	-0.3479658021392109
0.4000873851989242	-0.3445731757581806
0.37369218582934194	-0.3409423301431745
0.3475862331823904	-0.3370580218460028
0.3217896574665569	-0.3329041848584373
0.29632385945479134	-0.3284639485943233
0.2712115671320347	-0.32371970596932265
0.24647688308712126	-0.3186533144532892
0.22214532299725825	-0.3132463277828377
0.1982438447796595	-0.30747986324727705
0.17480084544456156	-0.30133512437156884
0.15184616434110876	-0.2947938814621941
0.12941104251017913	-0.28783794279098585
0.10752805392089816	-0.28045051913437014
0.08623104213550611	-0.27261617815200845
0.0655549603208576	-0.2643212034668443
0.04553573077368215	-0.25555422421034796
0.026210037302305794	-0.24630693676664234
0.0076150779798848725	-0.2365745352571676
-0.010211726648271488	-0.22635617188208237
-0.027233074252564923	-0.2156556913568859
-0.04341216051113107	-0.20448222983740744
-0.05871310031539552	-0.19285071303543785
-0.07310138659694775	-0.180782161045848
-0.0865443793502435	-0.16830399613159816
-0.09901181106790907	-0.15545036470961587
-0.11047629835811512	-0.1422620999289183
-0.12091385016316468	-0.1287864476281776
-0.13030435677174032	-0.11507678674689813
-0.13863204140306332	-0.10119222197031015
-0.14588585752163225	-0.08719644037668567
-0.15205982816109456	-0.07315719390319049
-0.157153307500663	-0.059145026988224415
-0.16117115434100707	-0.04523216567034474
-0.16412381464838494	-0.03149128798749535
-0.1660273089295521	-0.017994295530391884
-0.16690312617819314	-0.004811119912744172
-0.1667780290038609	0.007991378924114247
-0.16568377853646526	0.020350388284479916
-0.16365679012985626	0.0322079586558685
-0.16073773310179018	0.043511638556070195
-0.1569710889095695	0.05421491944666775
-0.15240468286509434	0.06427748607874664
-0.14708920253965355	0.07366527889742404
-0.14107771627418644	0.08235054408173806
-0.13442520722681237	0.09031127322578371
-0.12718812755439865	0.09753120144565579
-0.11942397930062476	0.10399926159804343
-0.1111909315312966	0.10970913118600334
-0.10254747365623346	0.11465873490830641
-0.09355210613410862	0.11884977326851051
-0.08426306765774205	0.12228726617162694
-0.07473809729308746	0.12497912448527082
-0.0650342265795865	0.12693573906322844
-0.05520759745926846	0.12816974928181674
-0.0453133045353316	0.1286957457197253
-0.03540525124699552	0.1285300230813817
-0.025536019331744507	0.12769055028708803
-0.015756747796329542	0.1261968828982853
-0.006117012817804652	0.12407005863472496
0.0033352921198733024	0.1213327011825902
0.01255407755550495	0.11800907251438696
0.02149518300398186	0.11412507133656154
0.030116514448135203	0.10970841459582878
0.03837818074683699	0.10478865726027302
0.046242641099388596	0.09939728311064415
0.05367485461521223	0.09356776837564079
0.06064243587173013	0.08733555885147028
0.06711580647505619	0.08073815497772353
0.07306834592885665	0.07381486919303495
0.07847653757268559	0.06660689935579568
0.08332009610346533	0.05915707387746317
0.08758209023241748	0.0515095298173527
0.09124903808719581	0.043709685008490845
0.09431098233619786	0.03580368942515111
0.09676154387654594	0.027838158774037895
0.09859793959218655	0.019859871576436896
0.09982097575222108	0.011915216299243477
0.10043500921222015	0.004049913557719642
0.10044787542083945	-0.0036914413528967493
0.09987078956695007	-0.011265740121562775
0.09871821616555645	-0.018631728097408897
0.09700771605999538	-0.02575033805370266
0.09475976707336156	-0.03258487530897539
0.09199756691375886	-0.03910140960275882
0.08874682272288426	-0.045268806432118884
0.08503552256064706	-0.051058870130287086
0.08089370604579882	-0.056446569001083996
0.07635322723523921	-0.061409854100799674
0.07144751395446101	-0.06592979713356599
0.06621133556973123	-0.06999055562604808
0.06068056871327186	-0.07357918133534999
0.05489197142665437	-0.07668567549344732
0.048882966511148776	-0.07930280615299534
0.042691429482340774	-0.08142599733228362
0.03635548804873525	-0.08305326074732962
0.029913328789696887	-0.08418504219130951
0.02340301230040344	-0.08482415135213627
0.01686229618118779	-0.08497563374650635
0.010328464122924791	-0.08464672681121357
0.00383816281334416	-0.08384675573966573
-0.002572758957841164	-0.08258707382371194
-0.008869403446052526	-0.08088104556369265
-0.015017975500412142	-0.07874393276363599
-0.02098592995353258	-0.07619291867932594
-0.02674211501302041	-0.07324701866861527
-0.032256913421694344	-0.06992705594438267
-0.037502378431095475	-0.06625558928487266
-0.04245236653051586	-0.06225687215709916
-0.047082662716663906	-0.05795675178039402
-0.05137110175952716	-0.05338256385162415
-0.05529767815758628	-0.04856307751442314
-0.0588446485722741	-0.04352824905226023
-0.06199662325972055	-0.038309189148439324
-0.06474064128782292	-0.03293790455227512
-0.06706623698329212	-0.027447094170052734
-0.06896548449234072	-0.021870030686299557
-0.07043302959851075	-0.016240192837308307
-0.07146610276452764	-0.010591163071810092
-0.07206451168441622	-0.004956298284804426
-0.07223061858131553	0.000631482779258593
-0.07196929571267408	0.00613993150875952
-0.07128786522760358	0.011537708451257199
-0.07019601977675312	0.01679460570830704
-0.0687057294367171	0.021881744161031374
-0.06683113071652289	0.026771721030457548
-0.06458840579091837	0.0314388619910769
-0.061995648529970776	0.03585921398315302
-0.05907271978861198	0.040010805921310344
-0.05584109973591128	0.04387364227374403
-0.0523237278763257	0.047429740858946745
-0.04854484410348088	0.050663387051819525
-0.04452982309957183	0.05356076804273778
-0.04030501287606707	0.05611044774685882
-0.03589756779566678	0.05830291518186571
-0.03133528487038411	0.06013096364987587
-0.02664644320377174	0.06158931167596179
-0.02185964271606317	0.0626748574018465
-0.017003649433842975	0.06338642648983063
-0.012107239726963627	0.06372487643221426
-0.0071990521380683745	0.0636929554668208
-0.002307439008815108	0.06329531755692938
0.0025396758638861682	0.06253844645289341
0.007314937702466007	0.06143062039582157
0.011991696484052244	0.0599818638033707
0.016544139705490485	0.058203890241969834
0.02094742050404334	0.05611006579429735
0.025177782286824515	0.0537153191911492
0.02921267753581054	0.051036129378008915
0.033030882709909636	0.04809037412715463
0.036612605864127575	0.04489736058167229
0.03993958869122431	0.0414775862751693
0.04299520073287663	0.03785281799155944
0.0457645244685929	0.034045768745418654
0.04823443344514941	0.0300801980599155
0.05039365667554632	0.02598055012075775
0.05223283582046586	0.02177198932535431
0.053744567004646394	0.017480137057217397
0.054923434838471896	0.013130936718028412
0.055766027532143186	0.008750501115860869
0.0562709442968238	0.004364890403520665
0.056438785442129526	8.920064057311635e-16