-0.47977885938795956	1.3303429054512168
-0.4520817430142792	1.247410797967824
-0.42605406081039304	1.1747454720153179
-0.4014951103715225	1.1105541914086787
-0.3782383356188644	1.0534341222434032
-0.35614409971370575	1.0022709591616863
-0.33509426672447573	0.9561692448604625
-0.31498808379509746	0.914400839889797
-0.2957389965252935	0.8763676451003442
-0.2772721738944073	0.841574015889383
-0.2595225342242968	0.8096056132117976
-0.24243317815704524	0.7801134096354964
-0.22595411794253495	0.7528018474767116
-0.21004124870882776	0.7274179165049711
-0.1946555026235591	0.7037451599655892
-0.17976214611142413	0.6815962007095699
-0.16533019586541592	0.66080848308154
-0.15133193324191407	0.6412406504795941
-0.13774248688396196	0.6227686845770173
-0.12453949065649109	0.6052832301234485
-0.11170278045812536	0.5886884988978003
-0.09921414108532231	0.572898913426026
-0.0870570833602255	0.5578389531901469
-0.07521666024348521	0.5434409408660141
-0.06367929473769851	0.5296446704278996
-0.05243263915528897	0.5163960081790969
-0.04146545081741091	0.5036461004674199
-0.03076748259327497	0.49135135733524116
-0.02032937746425373	0.4794721308089856
-0.010142592968391498	0.46797263376352305
-0.00019931433629342965	0.4568205404188774
0.009507604499349901	0.4459862466343337
0.01898470818969694	0.4354431701096352
0.0282379933253452	0.4251669503626939
0.03727295633756049	0.41513540989664416
0.046094637091700495	0.4053281635763105
0.05470765713771565	0.3957268156119511
0.0631162630776971	0.38631466229210265
0.07132435257023574	0.3770760577956312
0.07933550507274077	0.36799707853595726
0.08715301431794256	0.35906488708468115
0.09477990644799594	0.35026757437276534
0.10221896651957614	0.34159457055184955
0.10947276097762927	0.3330360783548164
0.11654365531335886	0.32458319915503697
0.12343383211405454	0.3162278396788577
0.13014530815230804	0.3079626025821298
0.13667994764591174	0.2997807628611572
0.14303947953242582	0.29167644904436346
0.14922551248729363	0.2836442545510336
0.1552395428604071	0.27567921402804135
0.16108296751450737	0.26777704359464416
0.16675709749540585	0.259933980647575
0.17226316624169544	0.2521466030556559
0.17760233879945425	0.2444119617393433
0.18277572140580683	0.23672754120746634
0.18778437055082925	0.22909119313391957
0.1926292991198191	0.2215010332872318
0.1973114837478015	0.21395558310229096
0.20183187373719524	0.20645377230942752
0.20619139819320412	0.1989947412762989
0.2103909692411488	0.1915778103530028
0.21443148781152174	0.18420262108013458
0.21831385060986103	0.17686913726343723
0.22203895610689145	0.16957751409601748
0.2256077068007805	0.16232799686847513
0.22902101295591382	0.15512107187133423
0.23227979802955798	0.14795747962751685
0.23538500362214493	0.14083813015506036
0.2383375909221154	0.13376394463395838
0.2411385425479192	0.12673601367906162
0.2437888667473739	0.11975563024005072
0.24628960142126488	0.11282422906405475
0.2486418148785935	0.10594319958894663
0.25084660611593307	0.09911403134289079
0.2529051077631091	0.09233836272708995
0.254818489163096	0.085617951880372
0.2565879568334606	0.078954470510523
0.2582147530117553	0.07234960924785518
0.2597001575961069	0.065805180452693
0.26104549063934407	0.059323086348703306
0.2622521120878445	0.05290511229427075
0.26332141987056185	0.04655303861189487
0.26425485087077777	0.04026870637530527
0.265053881945571	0.03405397016811265
0.26572002862717764	0.027910572039492657
0.2662548436712951	0.021840248521443187
0.26665991745837103	0.01584476104565219
0.2669368779247968	0.009925812545547284
0.26708738820240696	0.004084992485009585
0.2671131454735943	-0.0016761150567454568
0.2670158809889864	-0.007355933973343864
0.26679735880626715	-0.012953006733579516
0.2664593732655484	-0.018465954164203383
0.26600374807632987	-0.02389342410161025
0.26543233561747137	-0.02923411424650978
0.2647470148859531	-0.034486854230214574
0.26394968923444034	-0.0396505356865386
0.26304228548849384	-0.04472408501629558
0.26202675276740933	-0.04970652002318936
0.2609050599751926	-0.054596969393814504
0.2596791941333426	-0.05939461798858874
0.2583511591794216	-0.06409871136923898
0.25692297424195987	-0.0687085954267785
0.25539667161825325	-0.07322369360905327
0.2537742952549733	-0.07764349994003143
0.2520578991967952	-0.08196758239380558
0.25024954590419274	-0.08619559028122259
0.24835130459215113	-0.09032724429679338
0.24636524975645208	-0.094362332623675
0.24429345971845937	-0.09830071231466875
0.24213801503441226	-0.10214231744149593
0.23990099708733698	-0.10588713482552829
0.23758448687500613	-0.10953521588605276
0.23519056355163842	-0.11308668065669361
0.23272130295191912	-0.11654171641981699
0.23017877642473447	-0.11990054689572453
0.22756505009160188	-0.1231634412523822
0.22488218359828416	-0.12633073268053924
0.22213222873596988	-0.1294028182244435
0.2193172282567363	-0.13238013156438844
0.21643921551521228	-0.1352631189646023
0.21350021374484174	-0.13805227828645875
0.2105022348708424	-0.14074816334834434
0.20744727834797128	-0.14335137480485569
0.2043373307128307	-0.1458625077427485
0.20117436554858228	-0.14828218097591325
0.19796034263950502	-0.15061105905716593
0.1946972069875101	-0.15284985163394862
0.19138688810976762	-0.15499927707017824
0.18803130030484624	-0.1570600406364075
0.18463234239528636	-0.1590328789676129
0.18119189698396948	-0.16091856387821488
0.17771182973985164	-0.1627178930368147
0.17419398940026518	-0.16443163821672444
0.17064020815176756	-0.16606057591829443
0.16705230120534986	-0.1676055084107586
0.16343206624305917	-0.1690672630870533
0.15978128312243253	-0.17044665964542585
0.15610171441122844	-0.17174449406671144
0.15239510543506174	-0.17296157568746642
0.14866318394588443	-0.17409872954464772
0.14490765980495696	-0.17515679120555744
0.1411302251701625	-0.17613656545446077
0.13733255509603773	-0.17703884694737715
0.13351630740607373	-0.17786444371688387
0.12968312240128435	-0.17861417712510275
0.12583462275318916	-0.17928885561804334
0.1219724142103934	-0.1798892508285692
0.11809808590118835	-0.18041614015642193
0.11421321011745086	-0.1808703120103232
0.11031934208013641	-0.1812525637306537
0.106418020183155	-0.18156365126069507
0.10251076699734377	-0.18180430449721163
0.098599089197415	-0.18197527270521127
0.09468447712890557	-0.18207732390456677
0.09076840487629835	-0.18211118892487602
0.08685233104515375	-0.1820775930656493
0.08293769855606795	-0.18197726165944708
0.07902593492050204	-0.18181090244332815
0.0751184526323698	-0.18157920406889122
0.07121664933256311	-0.1812828705447819
0.06732190726271176	-0.18092261653980046
0.06343559369377492	-0.1804991183792272
0.05955906172414488	-0.1800130252634118
0.055693650085999226	-0.17946503107363715
0.05184068248850469	-0.17885582493733865
0.048001468234024236	-0.17818605749290148
0.04417730296958382	-0.17745635808929772
0.04036946819818754	-0.17666741721362783
0.036579230553536124	-0.17581991090566268
0.032807842667868806	-0.17491446532437174
0.029056543973548236	-0.17395170173881852
0.025326559647302238	-0.17293231677006318
0.021619100075446124	-0.17185697703804287
0.017935361874498734	-0.17072629386906696
0.01427652894936619	-0.16954087251572475
0.010643770257649855	-0.16830148096023873
0.007038238883558851	-0.16700879807824678
0.003461074740586465	-0.16566338572502218
-0.00008659526121902218	-0.16426592803711268
-0.00360365945463472	-0.16281711848803498
-0.00708902080701551	-0.1613176361015135
-0.010541597053262441	-0.159768188606886
-0.013960321470883191	-0.15816946577161445
-0.0173441406791728	-0.1565220756170561
-0.020692016431693022	-0.1548268292766358
-0.024002928468679317	-0.153084495583646
-0.027275870155136807	-0.15129564889720018
-0.030509849415253112	-0.1494610965850217
-0.03370389329953251	-0.14758172088533453
-0.03685704429385424	-0.14565811020824632
-0.039968359011627895	-0.14369104833566332
-0.04303691418367427	-0.14168158007648812
-0.046061804877761764	-0.1396302507446942
-0.04904213690659602	-0.13753773712387632
-0.051977037100748254	-0.13540518844801486
-0.054865652823466934	-0.13323336976886843
-0.057707149590859146	-0.13102320767653394
-0.06050071139771267	-0.12877548175549594
-0.06324555320336762	-0.12649110640673517