-0.44721359549995815	-1.3416407864998738
-0.5332164515754285	-1.0352510329248097
-0.6003446850410664	-0.815314506012031
-0.6533655327767403	-0.6444032166420799
-0.6951218057102484	-0.5044166889096879
-0.7274876494876652	-0.38584184317818043
-0.7518143385061038	-0.28338898955721775
-0.7691558218384555	-0.19396575387990406
-0.7803874064863935	-0.11564478106639241
-0.7862684519563913	-0.04710798123944045
-0.7874746618418925	0.01265587989902544
-0.7846139909627106	0.0645109872655631
-0.778234210368271	0.1092509688804613
-0.768826766215375	0.14762862256967726
-0.7568294511153467	0.18036156849305673
-0.7426291319243978	0.2081269562061063
-0.7265649850286428	0.23155363425495973
-0.7089322757394733	0.25121559301480273
-0.6899865204756567	0.2676280431694875
-0.6699478220195442	0.2812466589469948
-0.6490051621461315	0.2924692961868312
-0.6273205023311655	0.3016394966291764
-0.605032582292566	0.3090511074575136
-0.5822603589166672	0.3149534496039834
-0.5591060626926906	0.31955658667974646
-0.5356578751193675	0.3230363918776596
-0.5119922485748171	0.3255392467962065
-0.4881759009058896	0.3271862807906301
-0.46426751856133547	0.32807711260001227
-0.4403192039483689	0.3282931075578311
-0.4163777025287806	0.3279001784860474
-0.3924854403553229	0.32695118270749435
-0.3686814015466957	0.3254879285243248
-0.34500186768190616	0.3235429373790422
-0.3214810430879931	0.3211408850852881
-0.29815158099269107	0.31829978792923536
-0.2750450278314528	0.31503211345845905
-0.25219219556531186	0.3113456787586844
-0.22962347209100997	0.3072444253492942
-0.20736907775434998	0.30272910996636393
-0.18545927364599737	0.29779798116143535
-0.16392452361610824	0.2924472722807079
-0.1427956210242203	0.2866718479778108
-0.1221037697364229	0.2804656681779777
-0.1018806305519046	0.27382233017067004
-0.08215832947741515	0.26673557697343653
-0.06296942807396147	0.259199804819846
-0.04434685596138796	0.25121061494358743
-0.026323805102875082	0.24276531259633893
-0.00893358534237432	0.23386344074468343
0.00779055800886818	0.224507314386344
0.0238156642298213	0.21470250150763912
0.039109313138834104	0.20445831730905106
0.05363991389826518	0.1937882601478402
0.06737702315851535	0.18271036055965734
0.08029168830950957	0.1712474605339879
0.09235680793417907	0.15942747076205568
0.10354750173057081	0.14728342199850927
0.11384148319567051	0.13485337867151742
0.12321942517749106	0.1221802840574046
0.13166530397758852	0.10931170151894741
0.1391667174003949	0.09629929819426511
0.14571516388666492	0.08319822662959328
0.15130627441834832	0.07006644446516891
0.15593998839047854	0.05696395055996687
0.159620667960997	0.043951873449950475
0.16235714845992535	0.03109154825021606
0.16416272173530996	0.01844363174633108
0.16505505318931402	0.006067225998166807
0.1650560365637803	-0.005980989847916488
0.1641915928571993	-0.017647450196513502
0.16249141668702063	-0.028882313765832814
0.15998868558648172	-0.03964004905820603
0.1567197337391073	-0.049879719717920934
0.1527237047246268	-0.05956525715991086
0.1480421930493663	-0.06866556362377994
0.142718881112195	-0.07715448151557416
0.1367991820762493	-0.08501070111620822
0.13032989476727883	-0.09221752103063922
0.12335887523743433	-0.09876258703833084
0.11593473118319357	-0.10463759565157771
0.10810654210068309	-0.10983789415457695
0.09992360178471352	-0.11436214448558867
0.0914351915951917	-0.11821200221039078
0.08269037670276339	-0.12139168960449208
0.07373782596935362	-0.12390776456108404
0.06462565530739105	-0.12576881707596807
0.055401287516656635	-0.12698520876100966
0.04611132892248079	-0.12756892636238032
0.03680145810131526	-0.12753340283113374
0.027516323363901078	-0.12689342841032353
0.018299446768565774	-0.12566508268458249
0.009193130729018922	-0.1238657091494184
0.00023836608715928527	-0.12151393287997661
-0.008525261904837489	-0.11862965741170992
-0.01705966979341971	-0.11523415609232725
-0.025328376327607215	-0.11135008849440485
-0.03329660730369197	-0.10700159900964948
-0.04093140521323395	-0.10221434894158381
-0.04820174190498281	-0.09701558181402029
-0.05507863507915019	-0.09143411984573736
-0.06153526507872513	-0.0855004304144376
-0.06754709060232125	-0.07924651987496356
-0.07309196399349044	-0.07270592632450795
-0.07815023639501702	-0.06591364079596947
-0.0827048582727604	-0.058905900375294334
-0.08674146866049942	-0.05172008586590092
-0.09024846774776418	-0.044394519426401644
-0.09321707625473674	-0.03696815175345595
-0.09564137609789823	-0.029480375484879258
-0.09751832878081737	-0.021970726050014447
-0.09884777497930992	-0.01447853567915408
-0.09963241106472104	-0.007042683070692762
-0.09987774264711154	0.0002987353429568561
-0.09959201777710312	0.0075086963673862035
-0.0987861375917094	0.014551525182052518
-0.09747354931923426	0.02139318077041235
-0.09567011905163468	0.028001380733028873
-0.09339399253684995	0.034345978622618914
-0.09066544145729617	0.040398888753459
-0.08750669623534817	0.0461344362535735
-0.08394177966391822	0.05152930480329112
-0.07999632364892142	0.056562577207047424
-0.07569739468466316	0.06121593102341369
-0.07107331096290675	0.06547335771290966
-0.06615346303060338	0.06932141450083165
-0.060968140771566204	0.07274896873136995
-0.0555483577329035	0.07574721711749767
-0.049925688248546304	0.07830963553714666
-0.04413210423415464	0.08043181221208606
-0.0381998215732079	0.08211145586045637
-0.032161151287680004	0.08334824511083391
-0.02604835689874216	0.08414378820147099
-0.01989351720702435	0.0845015219269338
-0.013728394532742539	0.08442668280640196
-0.007584307362866806	0.08392619289596273
-0.0014920064765052842	0.08300866898217374
0.004518444019598884	0.08168433481257557
0.010417784596800608	0.07996499204811766
0.016177673512652768	0.07786400673249878
0.02177079900038498	0.07539623833997046
0.027170988310787594	0.07257804065545757
0.03235331428816693	0.0694272001409217
0.03729419912231039	0.0659629135659568
0.041971514524858804	0.06220570782857239
0.04636467837548364	0.05817741934516804
0.050454745082818005	0.05390108499582344
0.05422449247774913	0.049400859572061806
0.0576584990268924	0.04470196081893296
0.06074321528689183	0.03983045713861362
0.06346702582718523	0.03481325371446435
0.06582029927026979	0.02967785227628347
0.06779543101330822	0.02445222999155476
0.06938686956005165	0.019164701163186245
0.07059113396098507	0.013843663362471536
0.07140681626179979	0.008517506413382196
0.07183457057534214	0.0032143558128884865
0.07187708990041465	-0.0020380716164835554
0.07153906825097212	-0.007212662351844347
0.07082715127984919	-0.012283059486445664
0.06974987313964814	-0.017223876355419776
0.0683175841711202	-0.022010749113128305
0.06654236435962972	-0.026620620067003168
0.06443793362239573	-0.031031662004594333
0.06201954561379845	-0.03522360372172232
0.05930388494349206	-0.039177594454025404
0.05630894623772204	-0.04287647559110424
0.05305392350915322	-0.04630465759272333
0.04955908011674499	-0.0494482930660347
0.04584563336366791	-0.05229521119114672
0.04193562115318823	-0.054834965158881005
0.03785178455993369	-0.05705883856682979
0.033617435831073836	-0.05895978934214281
0.029256340657845343	-0.06053250933212429
0.02479259055542286	-0.06177330343274448
0.020250486765970962	-0.06268016406982706
0.015654418479942273	-0.06325264681914763
0.011028749132457421	-0.06349191992393476
0.006397701073248087	-0.06340066303745516
0.001785245420871232	-0.0629830849108083
-0.002785007310101808	-0.06224485296570685
-0.007289913077385956	-0.061193081632621854
-0.011706897950626152	-0.05983627850578803
-0.016014059020500643	-0.05818432289072835
-0.020190262137937887	-0.05624840359526055
-0.024215237220237655	-0.05404100617100252
-0.028069669066058848	-0.05157581958929757
-0.03173528614808459	-0.04886774176593515
-0.03519494277920294	-0.045932746063408594
-0.0384327000108687	-0.04278789820773193
-0.04143389690289147	-0.03945118985155565
-0.044185221555034036	-0.03594155000980363
-0.04667476946335534	-0.03227866023711617
-0.04889210060514329	-0.028482923008155678
-0.050828284512576836	-0.024575337931923104
-0.05247594100890963	-0.020577345935097677
-0.053829268461167964	-0.016510781977719956
-0.05488406595960377	-0.01239765978997846
-0.05563774468793271	-0.008260128949959287
-0.056089329529917895	-0.0041202677588385245
-0.056239451963815544	2.7755575615628914e-17