-0.7745966692414834	1.1832159566199234
-0.6907497643423308	0.9734199143072403
-0.6203707207155645	0.8326456807600435
-0.5593002800143243	0.7323799633995981
-0.5050078104204518	0.6577082478565528
-0.45585265845946776	0.600079789499959
-0.41072132185273874	0.5542473887215111
-0.3688320703354767	0.5168174159165023
-0.32962214646348703	0.4855008977976683
-0.29267896593454873	0.4586999519762953
-0.2576962632454401	0.43526624704362166
-0.22444509131984433	0.41435417759446014
-0.1927540387600446	0.39532754497259587
-0.16249536736907605	0.3776989192675504
-0.13357505895140875	0.36108898951076523
-0.105925498867275	0.3451988737804499
-0.07949998113604989	0.3297907615201827
-0.05426848273015647	0.3146744934655455
-0.030214335285299217	0.29969779106454153
-0.0073315316988337865	0.28473966706708886
0.01437751314482952	0.2697053581757795
0.03490387584159183	0.25452289634591224
0.05423380665365594	0.23914061666826145
0.07235024376828915	0.22352532370971212
0.08923419972689324	0.2076608536956533
0.1048660536438075	0.1915469758839862
0.11922675330608437	0.17519829089199887
0.13229893720288077	0.15864319033770424
0.14406796907416425	0.14192268270274755
0.1545228752109815	0.12508906841759163
0.16365717022059667	0.10820440317515963
0.17146955923727275	0.09133892068013579
0.17796449693396518	0.07456894587765059
0.18315259821515303	0.05797505926704696
0.187050887204421	0.04164008167585623
0.18968288844789044	0.02564691255179189
0.19107856360603773	0.010076692178165024
0.19127409922108504	-0.004992943506310131
0.1903115672731756	-0.019489529613787072
0.18823847820237954	-0.03334693673733717
0.18510724376516674	-0.046506212094213205
0.18097457842208112	-0.058916332633669896
0.1759008701920775	-0.07053460969862062
0.16994953554112638	-0.08132649293327589
0.16318637983001721	-0.09126536156081758
0.1556789872200348	-0.10033223047048112
0.14749615330105792	-0.10851513123431819
0.13870736408535123	-0.11580830645678726
0.12938233199819268	-0.12221154621825704
0.11959059294689908	-0.1277294536283961
0.10940116066098776	-0.13237066272081136
0.09888223541952759	-0.1361471777057319
0.08810096447465876	-0.13907381114202272
0.07712324593903262	-0.14116761452326004
0.0660135673869641	-0.1424474626859095
0.05483487433806329	-0.1429337938246549
0.04364845885038987	-0.1426483994432935
0.03251386709128899	-0.141614157814722
0.02148879929338999	-0.1398551489419563
0.010629026740759214	-0.13739670751581248
-0.00001170580428628068	-0.13426527736096902
-0.01038178576731088	-0.13048879727463417
-0.020431844275883404	-0.12609675890512287
-0.030114887480882927	-0.121120324793242
-0.039386437537966314	-0.11559261502656186
-0.04820468796586086	-0.10954876635695168
-0.05653067027704945	-0.10302614039278096
-0.06432842698564413	-0.0960643248170529
-0.07156519270427573	-0.08870518501982864
-0.07821156981140387	-0.08099291084445026
-0.08424170086689901	-0.07297374355710129
-0.08963343248779825	-0.0646958972377996
-0.09436845497974755	-0.0562093678304274
-0.09843242456360672	-0.047565413015489055
-0.10181505865155609	-0.0388163242198952
-0.10451019242137055	-0.030014995317354146
-0.10651580581361954	-0.02121430712541081
-0.10783401074979779	-0.012466770437638549
-0.10847099616011725	-0.003823972448510361
-0.10843693804638649	0.004663942248588017
-0.10774586856680309	0.012948691611216392
-0.10641551168406153	0.020984349572098306
-0.10446708702410751	0.028727634237761285
-0.10192508373377178	0.036138300360996994
-0.0988170169785607	0.04317942080381635
-0.09517316279675389	0.04981742776822555
-0.09102628054529131	0.05602239238347589
-0.08641133388959799	0.06176805137495773
-0.08136520320905244	0.06703168334238727
-0.07592640179394901	0.07179422797303076
-0.07013480088077396	0.07604012957930432
-0.06403135751174706	0.07975715855462619
-0.057657855343675055	0.08293638036219972
-0.05105665767485322	0.08557193999694697
-0.04427046994284161	0.08766090864785915
-0.03734211635286834	0.08920316046493519
-0.030314326893102143	0.09020119990150091
-0.023229535461678753	0.09066007161659345
-0.016129688236550723	0.09058717866312396
-0.0090560574470549	0.0899922804223127
-0.0020490665287284113	0.08888734121626059
0.004851884519169517	0.08728646883477606
0.011608584048292719	0.08520593591168424
0.018184173621391513	0.08266402055165879
0.02454330840881749	0.07968107728304302
0.030652313772505504	0.07627942527884538
0.03647934026595373	0.0724833422893604
0.04199451298426586	0.0683189742655638
0.04717007767667822	0.06381431356343151
0.0519805379760831	0.058999053746864524
0.05640278884291508	0.05390449850735333
0.060416234542799936	0.048563471171259094
0.06400290022697798	0.043010018645434606
0.06714752564178152	0.037279384252149106
0.0698376435758099	0.03140767476851438
0.07206364316265167	0.025431634395910733
0.0738188092443476	0.019388461454791405
0.07509934369643093	0.013315429270670443
0.0759043652406991	0.007249678838012726
0.0762358845940537	0.001227914037892579
0.07609876007811889	-0.004713896312651103
0.0755006295911143	-0.010540768225336465
0.0744518229849397	-0.01621898522791749
0.0729652544156575	-0.021716282766706067
0.07105629584022048	-0.027002177362742415
0.06874263866472892	-0.0320479888201131
0.06604413450078907	-0.03682715573447167
0.06298263575184795	-0.04131528191683499
0.059581813671825586	-0.04549019453325512
0.05586698323180941	-0.049332193805729924
0.051864913040493205	-0.0528238091818905
0.04760363803174657	-0.05595015683667363
0.043112271927407644	-0.05869863245574972
0.03842081451273707	-0.06105911313201661
0.03355996980094773	-0.06302382299945626
0.028560957134667275	-0.0645872940591298
0.02345533408991972	-0.06574639121583833
0.01827481742360337	-0.06650015989159018
0.013051111234196248	-0.06684986596024417
0.007815738300617533	-0.06679887558985438
0.002599875601965749	-0.06635263777820154
-0.0025658056268455355	-0.06551861398745076
-0.007651295833084238	-0.064306235264613
-0.01262739912111719	-0.06272684074388568
-0.017465880521130392	-0.06079362647452023
-0.022139609235730114	-0.05852158410031417
-0.02662269676124661	-0.05592744645104615
-0.030890630075805392	-0.053029592582002565
-0.03492039884464741	-0.04984800697728076
-0.038690615266203696	-0.04640414658045082
-0.04218162822672253	-0.04272086209793975
-0.04537562604079521	-0.038822296401594535
-0.04825673253278699	-0.03473369584065482
-0.050811089927025446	-0.030481339008064358
-0.053026931010129445	-0.02609233542142308
-0.05489463892146704	-0.02159444588666139
-0.056406791815016476	-0.017015943669405707
-0.0575581934588642	-0.012385382828601185
-0.05834588930055688	-0.007731412279239913
-0.05876916579157684	-0.0030825922285235806
-0.05882953468193494	0.0015328309482530746
-0.05853070162868938	0.006087107001891784
-0.05787851917739187	0.01055318065413154
-0.056880925816174786	0.014904872103686656
-0.05554786920091748	0.019117045636202645
-0.05389121989105588	0.023165793011519133
-0.051924668784227385	0.027028501736958564
-0.04966361905940618	0.030684113678516308
-0.04712506490747825	0.034113046765694904
-0.04432746399115359	0.03729750675513456
-0.04129060551357369	0.040221336711060166
-0.038035467723839374	0.0428702597491307
-0.034584079861023805	0.045231803527761974
-0.030959371498880783	0.04729536003362309
-0.027185030391796282	0.04905224943936183
-0.02328535069372735	0.05049561110442573
-0.019285087803707773	0.05162054755190062
-0.015209310278348619	0.05242395772455687
-0.011083253776363884	0.05290464974410311
-0.0069321783824141	0.0530632185194469
-0.0027812251304039043	0.05290207142290366
0.0013447215781982628	0.05242537841849885
0.005421171874981487	0.05163901764177777
0.009424162682551179	0.05055057127815811
0.01333038802749528	0.04916922792326319
0.01711732507029866	0.047505785949797
0.02076335513699292	0.045572545294278795
0.024247881693382337	0.04338327221865422
0.02755143962218222	0.040953137095236576
0.0306558067418034	0.0382986248298371
0.03354409405651499	0.03543737376342479
0.03620084725933238	0.032388290494954786
0.038612122676532384	0.02917108669954568
0.040765567219434924	0.02580663878071747
0.04265048415955187	0.022316322863467294
0.04425788323891872	0.018722403368870655
0.04558053561008787	0.015047463534042176
0.04661299403236868	0.01131453668519165
0.047351628912986124	0.007546848061189434
0.047794624759432754	0.0037676010836436486
0.04794198765034183	5.3615800421017494e-17