0.547722557505166	1.30384048104053
0.6314065582364714	0.9957285598711065
0.6958973298343393	0.7721621879206506
0.7459104820201333	0.5971990644546478
0.784306907225051	0.4535535557008122
0.8130197372434693	0.3321942956182843
0.8334828779516663	0.2280876791212314
0.8468432463846239	0.13822069939917614
0.8540686212520197	0.060608029184918276
0.8560021206867223	-0.006222479762841458
0.8533891607907352	-0.06349097673202268
0.8468908206398121	-0.11228859189347887
0.8370912164796233	-0.15362592417546342
0.824502830350541	-0.1884449712960404
0.8095716149565947	-0.2176157706643277
0.7926825248046477	-0.24192970000165354
0.7741654858256534	-0.2620945957122896
0.7543015931158507	-0.27873357094879964
0.7333292594423731	-0.2923874448242026
0.7114500767034575	-0.30351994541540994
0.6888342267078323	-0.3125246459247118
0.6656253467846213	-0.31973273223239623
0.6419448184258111	-0.3254208773928872
0.6178954867131531	-0.3298188053365041
0.5935648478549218	-0.33311621140654857
0.5690277542429585	-0.33546895525581305
0.5443486952470754	-0.3370044389067459
0.5195837105251987	-0.337826261473544
0.49478198930575074	-0.338018127848778
0.46998720533537613	-0.33764714841287075
0.4452386306043186	-0.33676659924841923
0.420572063886188	-0.33541821036369046
0.3960206061269259	-0.3336340645845188
0.3716153088597527	-0.33143817155718863
0.34738571707772326	-0.3288477790681372
0.32336032484474275	-0.32587444719976766
0.29956695693432944	-0.32252499294521925
0.2760330888479848	-0.318802241771526
0.25278611403306117	-0.3147057114280535
0.22985356467222515	-0.3102321948714043
0.20726329170471783	-0.3053762940261703
0.18504360759681315	-0.300130907060709
0.16322339416564388	-0.2944876948046998
0.14183217690437802	-0.2884375294531699
0.1209001661767579	-0.2819709476574591
0.10045826609264563	-0.27507858956749576
0.08053804798775666	-0.2677516951533481
0.06117169072911177	-0.2599825579424613
0.042391884549476344	-0.2517650293194635
0.024231698365933422	-0.24309502495475332
0.006724409379064491	-0.23397102962763355
-0.010096704540962013	-0.22439463019667893
-0.02619860931055401	-0.2143709760648432
-0.04154879558552151	-0.20390926546447993
-0.05611559083371806	-0.1930231949146071
-0.0698685011606389	-0.1817312524892408
-0.0827785774836208	-0.17005705203500454
-0.09481879554325073	-0.15802948647375262
-0.10596444722172065	-0.14568279761269445
-0.11619353017580537	-0.13305645285985693
-0.12548712691618585	-0.12019497095511433
-0.13382976130055996	-0.107147572803674
-0.14120972322039158	-0.0939676203813429
-0.147619351623536	-0.08071196883572358
-0.1530552654142746	-0.06744023054132844
-0.15751853350013645	-0.05421393357661381
-0.16101478152572554	-0.041095627628441114
-0.16355422880805842	-0.028147775942052318
-0.165151654296393	-0.01543201221498328
-0.16582629616222694	-0.0030081071369596184
-0.16560168769915024	0.009066825910537406
-0.1645054315567289	0.02073902696803269
-0.1625689287943928	0.03195886275161072
-0.15982706645845263	0.042681125568761615
-0.15631786958736418	0.052865392694482635
-0.15208214006684376	0.06247645811066003
-0.14716308416233273	0.07148414016982446
-0.1416059336409762	0.07986325593538632
-0.13545758098486102	0.08759368519755273
-0.12876622877855445	0.09465991794521829
-0.12158105419368717	0.10105076658241172
-0.11395190200420512	0.10675914453075461
-0.10592900377322474	0.11178158964681562
-0.09756272195645758	0.11611790484293813
-0.08890332403224854	0.11977082407280858
-0.08000078150143822	0.1227456219891071
-0.07090459285229894	0.12504984875488626
-0.061663629632470546	0.12669304168966813
-0.052325998460553066	0.12768645746300647
-0.04293891837058775	0.12804294237038882
-0.03354861570973152	0.12777681878382796
-0.024200214944635274	0.12690365009588
-0.0149376468458607	0.12544046384303958
-0.005803553172129451	0.12340539672806788
0.0031608109371735853	0.1208180050696887
0.011915669098725264	0.11769915700647068
0.020422828666780767	0.11407107769722448
0.028645782392589556	0.10995751922460381
0.03654981970552353	0.10538370560562546
0.04410214019546143	0.10037647773607011
0.05127197199600041	0.09496427337093317
0.058030691387880834	0.08917722410653281
0.06435194352235707	0.08304702471456897
0.07021176290349247	0.07660704756733057
0.07558868478990495	0.06989215291133177
0.08046385745770268	0.06293856439872578
0.08482113604732419	0.05578387358745384
0.08864716915817131	0.04846658844611765
0.09193147035957838	0.04102616403988017
0.09466646555425147	0.03350259042249543
0.09684752975576921	0.02593610074133536
0.09847299365741889	0.018367009498988514
0.0995441326449575	0.01083521535092979
0.10006513176660571	0.0033800305418150672
0.10004302589861841	-0.003960211069810696
0.09948762006862331	-0.011148402464198038
0.09841138663744425	-0.01814899351714418
0.09682934572406635	-0.024928167431582812
0.09475892419585548	-0.03145411376798765
0.09221980642509171	-0.03769723179851956
0.08923376620436785	-0.04363013336200132
0.08582449373239281	-0.049227991055983876
0.0820174167416171	-0.054468361866070715
0.07783951159606492	-0.05933137043439664
0.07331912227201244	-0.06379972418593208
0.0684857709911312	-0.06785854225106554
0.0633699764544629	-0.07149552806486176
0.05800307582279307	-0.0747007187449276
0.05241704801221321	-0.0774665070712443
0.04664434795730502	-0.07978755760348713
0.04071774270941955	-0.08166066831707051
0.03467015650682148	-0.08308474187616362
0.028534521083586197	-0.08406066057167846
0.02234363234262788	-0.0845912354818368
0.016130012231930373	-0.08468110225340417
0.009925775819184954	-0.08433670711583792
0.0037625032076951427	-0.08356618691460665
-0.0023288863216211248	-0.08237938049250158
-0.008318254220444942	-0.08078775290990303
-0.014176362732050234	-0.0788043555527259
-0.019874989549905027	-0.0764438228593756
-0.02538704194850394	-0.07372229522473779
-0.030686667148614826	-0.07065741861678393
-0.03574936054764374	-0.06726827909876364
-0.04055206985268875	-0.06357537490932973
-0.04507329629542652	-0.05960052003610627
-0.04929319008360502	-0.05536683883900515
-0.05319364030117488	-0.050898590204883326
-0.056758359555870254	-0.04622116301885225
-0.05997295720086234	-0.04136089550792432
-0.06282500854853261	-0.03634494572139368
-0.06530410867716868	-0.03120122853152279
-0.06740191946557049	-0.02595809903543767
-0.0691122016309205	-0.020644374828863193
-0.07043083448337614	-0.015288975179590035
-0.07135582420052052	-0.009920871981060151
-0.07188729445845038	-0.004568815658893521
-0.07202746736499131	0.0007388182703914584
-0.07178062701653026	0.005974222833690144
-0.07115307202328523	0.011110333328486198
-0.07015305361388177	0.016121026404148836
-0.06879070316043598	0.02098121754617763
-0.067077946230625	0.025667086203555553
-0.06502841082164482	0.030156128181794816
-0.06265732081032661	0.0344272999797388
-0.059981389452342174	0.03846114353579559
-0.057018699093481826	0.042239749620989385
-0.05378858245427196	0.04574699495201244
-0.05031149743683703	0.048968345339038516
-0.04660889620271388	0.05189120075155941
-0.04270310156411143	0.05450449110917666
-0.03861717392745604	0.05679912703765354
-0.03437478522089179	0.05876758089618563
-0.030000088030521652	0.06040422862600983
-0.02551759190011777	0.06170500534876673
-0.020952036886584965	0.06266765201953835
-0.016328272538102137	0.06329146758093453
-0.011671136785151123	0.06357744063223608
-0.007005339280277771	0.06352809072647936
-0.0023553459826252702	0.06314752162891123
0.002254732990645078	0.062441329660807635
0.00680125326357482	0.06141660026102089
0.011261143007040612	0.06008184982946514
0.015612007424586141	0.058447003082381106
0.01983222956947839	0.056523332800623736
0.023901069158528673	0.05432344281698402
0.02779875612499146	0.051861174713871167
0.03150658285892004	0.04915161661993501
0.035006988878524194	0.04621095540828381
0.03828364487251679	0.04305651822741742
0.04132152639554624	0.03970656107242386
0.04410698741446667	0.03618034043957286
0.04662782075837129	0.032497842667209176
0.04887331842284195	0.028679873542771264
0.05083431684983616	0.024747748223093214
0.0525032399965592	0.02072335126414666
0.053874128292831794	0.01662887912628832
0.05494266357699652	0.012486797190376975
0.055706177992249334	0.008319644320189615
0.05616365907611779	0.0041499325539593075
0.05631573972021811	-3.901638962861258e-14