0.8366600265340755	1.140175425099138
0.9100328908619338	0.8372799840321047
0.963852355749296	0.6106634466820465
1.0025973335593585	0.4311995128977842
1.029210308193785	0.28477690177846854
1.0458518485475923	0.16375109196095433
1.0542343972353592	0.06341556592013561
1.0557758574488478	-0.01956313221907442
1.0516727396501793	-0.08784138454733464
1.0429382602088195	-0.1436900384527421
1.0304264331840294	-0.1891026021994288
1.014851296740049	-0.22582912820549605
0.9968046626803608	-0.2553875528820025
0.9767731294461116	-0.2790738284702473
0.9551541566510141	-0.2979772714718614
0.932270789509817	-0.31300101626552984
0.9083847306106314	-0.32488530498882745
0.8837076345628239	-0.33423133539080785
0.8584106577154752	-0.3415238365392815
0.8326323952313244	-0.34715144958215133
0.8064853929648579	-0.35142442299777926
0.7800614383127129	-0.3545895469856921
0.7534358294217549	-0.35684257432522554
0.7266708029910914	-0.35833833735700055
0.6998182796975803	-0.3591989192014118
0.6729220595895595	-0.3595202341433885
0.646019577428409	-0.3593772558343673
0.6191433084038105	-0.3588281710125213
0.5923218961811795	-0.35791767514338313
0.5655810619462487	-0.356679566510761
0.5389443388867694	-0.35513881680121495
0.5124336705301555	-0.35331318303652365
0.4860699001434413	-0.3512145009154881
0.45987317439718955	-0.3488497023346022
0.43386327895807586	-0.3462216245310469
0.40805991952545934	-0.3433296633632985
0.38248295909371227	-0.34017030034177304
0.3571526200769888	-0.3367375111253031
0.33208965617739966	-0.3330231737242722
0.3073154997411718	-0.3290173340631334
0.2828523864802602	-0.32470850215270036
0.2587234619970698	-0.32008390888356336
0.23495286752226285	-0.3151297512400423
0.21156580766758903	-0.3098314523837905
0.1885885988983062	-0.30417392533471943
0.16604869743817427	-0.29814185118151393
0.14397470511647958	-0.29171997820178885
0.12239635068615204	-0.28489348647646795
0.10134444552066108	-0.2776483583585085
0.0808508087915149	-0.2699717430363051
0.060948161091035485	-0.26185244841451905
0.04166998467931763	-0.25328141473003374
0.023050346436801504	-0.24425217590510728
0.00512368200066279	-0.23476140522140113
-0.012075457757123402	-0.224809446876664
-0.028512700076177597	-0.21440080164413203
-0.044154181320775476	-0.20354464041744838
-0.058966911506493386	-0.1922552376217672
-0.07291917016923695	-0.18055229128960454
-0.08598092680020682	-0.16846125213158422
-0.098124274912533	-0.15601350042436815
-0.10932387412825625	-0.14324627548255509
-0.11955739012221822	-0.13020254066026132
-0.1288059155117834	-0.11693084079273107
-0.13705436143917318	-0.10348471408753777
-0.14429181303171137	-0.08992199281751176
-0.15051182789552095	-0.07630419198094236
-0.15571267559822638	-0.06269557981168486
-0.1598975032973684	-0.04916212067028622
-0.163074427742371	-0.03577045925260917
-0.16525654669691056	-0.022586871607751642
-0.1664618703807732	-0.009676218381453038
-0.16671317801371488	0.0028990670649427126
-0.16603780407870736	0.015079844883576575
-0.1644673617933528	0.02681099560478409
-0.16203741444962033	0.03804213228841352
-0.15878711061279815	0.04872794974717622
-0.1547587854265347	0.05882858579708204
-0.14999754987571115	0.06830975735319947
-0.14455087197221858	0.07714272505157876
-0.13846816504502163	0.08530419943160894
-0.1318003898939847	0.09277609218225627
-0.12459967715826702	0.09954516417733014
-0.11691897562713023	0.10560269656313476
-0.10881173128991925	0.11094407722039959
-0.10033159643375393	0.11556834221354538
-0.09153217017694232	0.11947777398075086
-0.08246677050582266	0.12267756584619932
-0.07318823283658675	0.12517537170956425
-0.06374873430161512	0.12698105513837354
-0.054199640645320235	0.1281064194120705
-0.04459136927266934	0.12856496904600404
-0.03497326717217224	0.12837178108326935
-0.02539349846684877	0.1275433804670902
-0.015898937824935448	0.12609769260084697
-0.006535067372275632	0.12405401737848142
0.0026541272533524623	0.12143304178552614
0.011626262479016504	0.11825690657069525
0.02034066648967814	0.11454924491796083
0.028758495157007437	0.11033525412509988
0.0368428517390551	0.1056418069058781
0.044558912867213085	0.10049746305879613
0.05187405904231325	0.09493254503157021
0.058758007364393024	0.08897918105271585
0.0651829442747581	0.08267126128835395
0.07112365808504388	0.07604437902706879
0.07655766468190715	0.06913582141438593
0.08146532482814323	0.06198435425404746
0.08582995201753746	0.05463003362678131
0.08963790489416323	0.04711414226248122
0.09287865790039478	0.03947870220179192
0.09554485886893771	0.03176633340252477
0.09763235481153948	0.024019949589554758
0.09914020038527512	0.01628227197245818
0.10007063670697514	0.008595657890464323
0.10042904404064086	0.0010016250583267088
0.10022387083978822	-0.006459426862859033
0.0994665352965858	-0.01374857313383102
0.0981713064987975	-0.020828616356451276
0.09635516081419891	-0.02766438844492726
0.09403762526123839	-0.03422300158196637
0.09124059994764723	-0.0404738970404967
0.0879881711190445	-0.0463892121903651
0.08430641727741053	-0.05194367208459607
0.08022320210090214	-0.057114729065521605
0.07576797355849904	-0.06188267734004331
0.07097155552325626	-0.06623043490155699
0.06586594290761963	-0.07014372292183738
0.06048410419328084	-0.0736108756049496
0.05485978284642102	-0.07662276622753596
0.049027310626585385	-0.07917280634982946
0.04302142482664815	-0.08125674311008212
0.03687709311051906	-0.0828726353301906
0.030629346588178542	-0.08402072543074193
0.024313118508064266	-0.08470336787761121
0.017963090654421792	-0.08492492273493384
0.011613544027261044	-0.08469170922536001
0.005298217208275802	-0.08401192795494265
-0.0009498344385813448	-0.08289559070188171
-0.007098371795252144	-0.08135452140870726
-0.01311610457227189	-0.07940223638933873
-0.018972819508207697	-0.0770539901533196
-0.024639505741947513	-0.07432666984811785
-0.030088478095644133	-0.07123879923755479
-0.0352934963279368	-0.0678104653980436
-0.04022988137498572	-0.06406329807643034
-0.04487462671313827	-0.06002035343280146
-0.04920650562218618	-0.055706110941628154
-0.05320616955903172	-0.05114630779521602
-0.056856243357886777	-0.04636786853783268
-0.060141405886536825	-0.041398802448882346
-0.06304846641269952	-0.03626796132485917
-0.06556642515098338	-0.03100503398603022
-0.06768652277486482	-0.025640199728771816
-0.0694022780017869	-0.020204077449246804
-0.07070950613439833	-0.014727450508547145
-0.07160632792197598	-0.009241064104502799
-0.07209315782146233	-0.003775464009052533
-0.07217267997846223	0.0016392786413723832
-0.07184980675460925	0.00697372128533027
-0.07113162323875477	0.012199276911915996
-0.07002731620496157	0.017288377144236304
-0.06854809141385303	0.022214686956472215
-0.06670707684096351	0.026953173544287376
-0.06451921583023976	0.031480370283385684
-0.06200115221514419	0.03577435550795055
-0.059171103209137356	0.03981494906123006
-0.05604873245276039	0.04358376501094101
-0.05265501137228717	0.04706417715193948
-0.0490120809626434	0.05024161227778016
-0.04514310926615868	0.05310315766287378
-0.041072151311928595	0.055638049600683054
-0.03682400384174517	0.05783721523153985
-0.032424064352491636	0.05969366887473033
-0.027898190050743413	0.06120211546661318
-0.023272559374066235	0.06235924508468707
-0.018573535523149644	0.06316344220976801
-0.01382753219837978	0.06361494763336416
-0.009060883020628938	0.06371567178801583
-0.004299712888320745	0.0634692618696012
0.0004301871234567139	0.06288099568596929
0.0051034824012456586	0.06195778044804308
0.009695413922808782	0.060708090054484805
0.014181914803351512	0.05914193578834973
0.01853972289111898	0.0572708119044612
0.02274649105149959	0.05510765855970681
0.02678089175246211	0.05266679278199019
0.030622720384655865	0.04996387150749757
0.03425298985678932	0.04701580004348657
0.037654025401130956	0.04384068572783554
0.04080954667919894	0.04045772975279515
0.04370475161567836	0.036887154640890804
0.04632638341246759	0.03315009269679312
0.048662800282639286	0.029268475118287784
0.05070402518875337	0.025264911286687935
0.052441796032592886	0.021162545612282268
0.05386959905443669	0.016984975296763037
0.05498269605056633	0.012756002745164283
0.055778137281360565	0.008499608738610182
0.05625476535395904	0.0042396916865175705
0.056413207137456296	2.0816681711721685e-17