0.5054762388291085	-1.3207928572656908
0.4779978231568278	-1.2390952433871965
0.45216284810051316	-1.1674715116977081
0.4277744398164845	-1.104174275768925
0.4046690007109756	-1.047833749217024
0.3827092121127232	-0.997360567181078
0.36177877121695867	-0.9518777554660323
0.3417783882261544	-0.9106717048118933
0.32262268666140065	-0.8731552358706242
0.3042377873428479	-0.8388416201866415
0.28655938367916756	-0.8073235228739201
0.26953120982097456	-0.7782575652785934
0.253103794785891	-0.751352485723396
0.23723346167121742	-0.7263590623577291
0.2218814897748254	-0.7030636334487461
0.2070134319542115	-0.6812816039317606
0.19259854100053278	-0.6608522934849053
0.17860928743504143	-0.6416360690706187
0.16502095533596878	-0.6235102386607336
0.15181130533072232	-0.6063668301340761
0.1389602703454893	-0.5901107366145153
0.12644971445297049	-0.5746576035173124
0.11426320833751308	-0.559932192395782
0.10238584957585911	-0.5458677491724614
0.0908040928503869	-0.532404367518086
0.07950561210129398	-0.5194883204216691
0.06847917977357781	-0.5070710481106531
0.057714551539499344	-0.49510937941771
0.04720237286499531	-0.4835635912423224
0.03693409525792705	-0.4723983723868985
0.026901897141962956	-0.46158113592087124
0.017098622582696656	-0.45108264566203976
0.007517714418830792	-0.44087620781883285
-0.001846835972919219	-0.43093744803469547
-0.011000537102603082	-0.42124411490604163
-0.019948438058998083	-0.4117757386886022
-0.02869517206768543	-0.40251402921805557
-0.03724499338698121	-0.39344185081067956
-0.0456018026972122	-0.384543579366097
-0.05376918357367712	-0.3758051793997601
-0.061750426487038886	-0.3672133889457044
-0.06954855062821838	-0.35875629897021877
-0.0771663318027694	-0.3504230200536879
-0.08460632038286274	-0.3422035157324591
-0.0918708605092836	-0.33408859999389523
-0.0989621081297418	-0.32606990267043867
-0.10588204561027717	-0.31813965877601597
-0.1126324976862554	-0.3102909818291103
-0.11921514916889243	-0.30251763145413885
-0.1256315541237019	-0.29481372357459473
-0.13188314735647602	-0.2871740633991063
-0.1379712591943361	-0.2795940634333902
-0.143897124994703	-0.2720694899531475
-0.14966189468335117	-0.2645966075942069
-0.15526664224785555	-0.25717208947207787
-0.16071237510155525	-0.24979304363194957
-0.1660000414750717	-0.24245685645782097
-0.17113053770910538	-0.23516132550266103
-0.17610471747078224	-0.22790467776980136
-0.18092339974703422	-0.22068540561583389
-0.18558737274199336	-0.21350218496186918
-0.19009739970382036	-0.20635402110485662
-0.19445422608704557	-0.1992402522667853
-0.1986585862642274	-0.19216047585370777
-0.20271120708619783	-0.18511440076776972
-0.2066128115625449	-0.178101975024134
-0.21036412440773045	-0.17112340931888056
-0.21396587754723245	-0.16417914712584367
-0.21741881336214336	-0.15726970118157352
-0.22072368659603617	-0.1503957348196087
-0.2238812684831458	-0.14355811987613232
-0.22689235119673262	-0.1367579268263667
-0.22975775080365393	-0.1299962753103311
-0.23247830769298017	-0.12327434178552271
-0.23505488926977644	-0.11659346726334102
-0.23748839354385143	-0.109955157283206
-0.23977975171614427	-0.1033609567359626
-0.24192992764732896	-0.09681238869520922
-0.24393991906267545	-0.09031108958352389
-0.24581076016762274	-0.08385881900976633
-0.24754352388078138	-0.07745738856749171
-0.2491393208489601	-0.07110850620214691
-0.2505992988418317	-0.06481394163901885
-0.25192464474171444	-0.05857556625323313
-0.253116586367724	-0.052395288003696444
-0.25417639110314355	-0.04627488762028185
-0.2551053646548407	-0.04021616897043801
-0.2559048519816914	-0.03422098177341623
-0.2565762378592966	-0.028291157175279528
-0.2571209451548394	-0.02242842147698472
-0.2575404337329085	-0.016634502530974267
-0.25783620076333874	-0.010911142986738075
-0.2580097803305684	-0.0052600105797193045
-0.2580627410567245	0.0003173259371811246
-0.2579966851496245	0.005819304822618779
-0.25781324829846847	0.011244379335479776
-0.2575140983212223	0.016591119583385286
-0.2571009327769582	0.021858168499386967
-0.25657547807335657	0.027044197666773417
-0.2559394887502429	0.03214792693692769
-0.2551947455526084	0.03716820054186692
-0.2543430532444298	0.042103925404767185
-0.2533862396939402	0.04695404412384303
-0.2523261548019914	0.05171757851629496
-0.25116466819866484	0.056393659708652275
-0.24990366755256063	0.06098147500481251
-0.24854505740575347	0.06548026793757851
-0.2470907576649	0.06988937137817056
-0.24554270163694208	0.07420819794319526
-0.2439028345591889	0.07843622510435384
-0.24217311217637913	0.08257299819410914
-0.24035549918160273	0.0866181395265028
-0.23845196762666473	0.09057133967699242
-0.23646449552437318	0.09443235320340188
-0.2343950654722501	0.09820099889647459
-0.23224566320277892	0.10187716733554583
-0.23001827618246476	0.10546080185873358
-0.22771489251896967	0.10895190279586303
-0.22533749962075927	0.11235053490717274
-0.22288808281085323	0.11565682736964149
-0.2203686241043102	0.11887095181202467
-0.21778110151805338	0.12199311449050829
-0.21512748801612014	0.12502358044947298
-0.21240975022404066	0.12796267471934084
-0.2096298472131275	0.13081076894514368
-0.206789729980666	0.13356824300280742
-0.20389134097056602	0.1362355186704237
-0.20093661300313478	0.1388130700567122
-0.19792746815848386	0.14130142106971078
-0.1948658170726715	0.14370110308131753
-0.19175355897373658	0.14601265620211445
-0.1885925810451116	0.14823666244561953
-0.18538475750435726	0.15037374682442078
-0.18213194877734692	0.15242455998615947
-0.17883600151980755	0.15438973380729684
-0.1754987486368625	0.15626992262610417
-0.17212200860979807	0.15806581485771812
-0.1687075847722573	0.15977813025208412
-0.16525726501460958	0.16140757696844402
-0.16177282219565045	0.16295485557122302
-0.15825601388448032	0.1644206893915288
-0.1547085818591214	0.16580582513179998
-0.15113225165816657	0.16711102200132902
-0.14752873282518336	0.1683370076461044
-0.14389971930214576	0.16948451447058394
-0.14024688906865684	0.17055429605144762
-0.1365719036918262	0.1715471253276002
-0.1328764082452866	0.1724637541498435
-0.12916203200840914	0.1733049107862727
-0.12543038848282315	0.17407133693175053
-0.1216830750751416	0.17476378921937596
-0.11792167280348897	0.17538303201679892
-0.11414774667704572	0.17592978538961246
-0.11036284643671604	0.1764047619319755
-0.10656850630223226	0.1768086940039729
-0.1027662445583135	0.17714232940941088
-0.09895756374052249	0.177406379011738
-0.09514395120559398	0.17760155531297625
-0.09132687898046689	0.17772856821229244
-0.08750780395615679	0.17778811685395954
-0.08368816814591762	0.17778088662751854
-0.07986939877407205	0.1777075766734651
-0.07605290793233331	0.17756888624484315
-0.07224009301028336	0.1773654845133869
-0.06843233726591767	0.17709802582360062
-0.06463100951841726	0.17676720053742837
-0.06083746381089669	0.17637368507483017
-0.05705303999557599	0.17591812392974546
-0.053279064297127754	0.17540115320410393
-0.049516848685213305	0.1748234600241284
-0.04576769053940606	0.17418570530270241
-0.04203287352085132	0.17348850585146053
-0.038313668101486044	0.17273249366924537
-0.034611330417635235	0.1719183554302563
-0.03092710220075681	0.17104673908376114
-0.0272622118071374	0.1701182389486813
-0.023617874874026064	0.1691334863551512
-0.01999529189623284	0.16809322163597168
-0.016395648427874034	0.1669980825009688
-0.012820117427434318	0.1658486298141322
-0.009269858527304003	0.1646455510232185
-0.005746016577913295	0.16338951553039294
-0.002249722227436577	0.16208118068762312
0.0012179081941658364	0.1607212366535216
0.004655773095099394	0.15931031945608537
0.008062783758738219	0.15784905241386826
0.011437866776899104	0.1563382310149434
0.014779965431884642	0.1547785359444645
0.018088035667862455	0.15317054911562214
0.021361048199887614	0.15151507300303696
0.024597991886880458	0.1498129023195378
0.027797869543998113	0.14806460504799615
0.030959698070612253	0.14627095918554195
0.03408251391746293	0.14443294924447797
0.03716536977287404	0.14255103969188435
0.04020732885303583	0.1406259300155519
0.0432074750178161	0.13865869990623558
0.046164910898253204	0.136650063754199
0.04907875651457198	0.13460089976444922
0.051948149156662626	0.13251193719467463
0.054772255750516606	0.130384048104053