-0.7071067811865482	-1.2247448713915887
-0.7858668314927716	-0.9172732753242293
-0.8451012657157954	-0.6903053698053045
-0.8894129266010987	-0.5111961002438745
-0.9217045144421342	-0.36428802061386595
-0.9440284735469703	-0.24134946102116517
-0.9579715349654928	-0.13762654854631762
-0.9648373088714624	-0.05003567480331711
-0.9657342577389647	0.02369905435507945
-0.9616186410824464	0.08545037567481843
-0.9533169523485908	0.13686291496691633
-0.9415400055739588	0.17941739447579916
-0.9268943255051832	0.2144466727088929
-0.9098930534207758	0.2431363468085069
-0.890966895968404	0.2665243920493655
-0.8704749619461625	0.2855050728497493
-0.8487151104789196	0.30083791191111353
-0.8259335014090998	0.3131600735287335
-0.80233314477093	0.32300065862789573
-0.7780813674691192	0.33079542512313964
-0.7533162066072592	0.33690086469316205
-0.7281518016465569	0.3416070445601918
-0.7026828910948377	0.34514891933717745
-0.6769885292879185	0.34771605578582165
-0.6511351388341569	0.3494608256616183
-0.6251790079679108	0.35050522809630835
-0.5991683282440174	0.3509464832620648
-0.5731448555530073	0.35086163751496685
-0.5471452638937515	0.3503112684237426
-0.5212022508035553	0.34934250025958397
-0.49534544169739064	0.34799142940010885
-0.4696021323793263	0.346285086053183
-0.44399790073998907	0.34424300829268767
-0.41855711343993524	0.34187851849003886
-0.3933033469831537	0.3391997546050082
-0.36825974090455077	0.3362105080258404
-0.3434492920762574	0.3329109219878492
-0.31889510437005597	0.3292980600088362
-0.2946205979481763	0.3253664028821638
-0.2706496849737037	0.3211082706445173
-0.24700691531831337	0.3165142023285912
-0.22371759548692136	0.31157330918278564
-0.20080788156957682	0.30627361884437876
-0.17830484745454214	0.3006024070411044
-0.15623652754472467	0.2945465457411705
-0.13463193476274704	0.28809285226879816
-0.11352104867261982	0.2812284711630704
-0.09293477707633979	0.273941308747772
-0.07290488564448547	0.26622041147504033
-0.053463893635841586	0.25805644810225153
-0.0346449364792265	0.2494422375947679
-0.016481590517499332	0.24037316469278122
0.0009923402225228452	0.2308477594708748
0.017743073292859762	0.2208681787529075
0.033737136578666824	0.2104406995715559
0.0489416903062834	0.19957619159579074
0.06332488207156863	0.188290477808571
0.07685622900046588	0.17660469647135274
0.0895070210843742	0.16454554901078808
0.10125073592623907	0.152145390028254
0.11206345855739205	0.13944217810933213
0.12192429449394512	0.12647932246603186
0.13081576331915576	0.11330542748290048
0.1387241620831115	0.09997374430587734
0.14563988900863242	0.0865415242813077
0.15155771585862804	0.07306926612134063
0.15647699685956326	0.05961992341760559
0.16040181067223785	0.04625785923747114
0.1633410307143196	0.03304784019327312
0.16530831934289866	0.020054073468205678
0.16632204715473758	0.007339204708164077
0.1664051427048655	-0.005036633506824382
0.16558487715418274	-0.017016601694244786
0.16389259084164862	-0.02854784555788151
0.16136337424613326	-0.039582140689954005
0.1580357135191576	-0.05007624861919157
0.15395110928593106	-0.059992136053674525
0.14915368271767052	-0.06929709744904719
0.14368977428380805	-0.07796393149808035
0.1376075595483954	-0.0859704970582541
0.13095666454522717	-0.09329959421994262
0.1237878112581637	-0.09993882939722591
0.11615248634156539	-0.10588000249125272
0.10810263366366764	-0.11111882840465703
0.09969038152829811	-0.11565457553060655
0.09096779648080591	-0.11948958101233578
0.08198666630368974	-0.12262896446460775
0.07279831019141451	-0.1250802126544523
0.06345341023731768	-0.12685292185189864
0.05400186645097714	-0.12795859916319238
0.04449266645205607	-0.1284103344496701
0.03497376679492353	-0.128222751094039
0.025491986609273553	-0.12741194501991732
0.016092908142503214	-0.12599521308280995
0.006820771662086548	-0.12399132809944335
-0.0022816169294524527	-0.12142035722894776
-0.011172993211561148	-0.11830370312725302
-0.019813734774513106	-0.11466431849833264
-0.028165973371830917	-0.11052657251601677
-0.03619370936667742	-0.10591648209702728
-0.043862931196225106	-0.10086167713045868
-0.05114173983335944	-0.09539151753396972
-0.05800047508696117	-0.08953701902413823
-0.06441184407877247	-0.08333099356727033
-0.07035104432839578	-0.0768078554539106
-0.07579588890137742	-0.07000361943543965
-0.08072691618488141	-0.06295584357689503
-0.08512749565699075	-0.055703264576503875
-0.08898391819506135	-0.04828585111838492
-0.09228546556418693	-0.04074437399842819
-0.09502446932964853	-0.03312015749778388
-0.09719633942592962	-0.02545491096776571
-0.09879957514416642	-0.01779020631530845
-0.09983575122986912	-0.010167314355794719
-0.10030947628248103	-0.0026267854926785763
-0.10022833070095755	0.004791856116653381
-0.09960277742236572	0.01205042586169279
-0.09844605341574503	0.019112361035645824
-0.09677403722581641	0.02594296699505733
-0.0946051028723974	0.03250971997271344
-0.09195995514880323	0.038782291141430884
-0.08886145241135265	0.04473289443373164
-0.08533442487856643	0.050336253447367925
-0.08140547812598337	0.0555696598182822
-0.077102801193252	0.060413166018642564
-0.07245597002988624	0.06484935311744223
-0.0674957459876126	0.06886353417042654
-0.06225389310069779	0.07244350534825571
-0.05676298097020229	0.07557958514286481
-0.05105620911954953	0.07826455591941536
-0.045167225769050384	0.08049345217518335
-0.039129962302601115	0.08226361570518748
-0.03297846859907814	0.08357448976555715
-0.026746758306783032	0.08442759331012567
-0.020468658430880145	0.08482641968866142
-0.014177666985882399	0.08477636186274001
-0.007906812283306062	0.0842846468079989
-0.0016885212905233971	0.08336029971951739
0.004445513097776977	0.08201405648681784
0.010464457449267698	0.08025836551766949
0.016338461795417036	0.07810730582952931
0.022038781426470273	0.07557658748871277
0.027537894760395275	0.07268349527817576
0.03280961948708264	0.06944685376023219
0.037829224571688726	0.06588697911776198
0.04257353960148468	0.06202562327234314
0.04702105815333324	0.05788592229185082
0.05115203707006887	0.05349226967876837
0.05494858869691101	0.04887029117322823
0.058394764198452125	0.044046669831217036
0.061476631048700596	0.03904903250134077
0.06418233616149362	0.033905853359364864
0.06650216111831556	0.028646192102965366
0.06842856386672554	0.02329963785018087
0.06995620548505287	0.017896034761783686
0.07108196622733641	0.012465316872947739
0.07180494331178375	0.007037336941511662
0.0721264365821856	0.0016416115181521695
0.07204991798674158	-0.003692828846199412
0.07158098686269426	-0.008937665575932828
0.07072731119985437	-0.01406544490519932
0.06949855556763505	-0.019049814305680656
0.0679062967094041	-0.023865559148581014
0.06596392776814006	-0.02848893365507794
0.0636865541828801	-0.03289752928564464
0.06109087783439583	-0.03707067784228211
0.05819507970529996	-0.04098922836586891
0.05501868841719946	-0.04463590617630766
0.05158245596377104	-0.04799510501586993
0.04790821671696082	-0.05105312142613044
0.044018759635851674	-0.053798038099026245
0.03993768422856954	-0.056219790862419974
0.03568927168534554	-0.058310163224499854
0.031298343127254755	-0.06006271553490171
0.0267901310576608	-0.06147285875780792
0.02219014308114209	-0.06253770369858053
0.017524035694188814	-0.06325615399379116
0.01281748460069485	-0.06362876147688078
0.008096061617056968	-0.06365777981112773
0.0033851119555850856	-0.06334705813590173
-0.0012903644123038287	-0.0627020521322228
-0.0059058292751174015	-0.061729755956280996
-0.01043731963286496	-0.06043868056240362
-0.014861557997369036	-0.05883880062559535
-0.019156060123445777	-0.05694152326515305
-0.023299238432785356	-0.054759627400743166
-0.027270503428081353	-0.05230722872020639
-0.031050358644783636	-0.04959970625237375
-0.03462049457380058	-0.04665365073314783
-0.037963873097065524	-0.043486791889385104
-0.041064811825860366	-0.04011790237388648
-0.04390905578435521	-0.036566748447124216
-0.046483849285133785	-0.032853929153758496
-0.048777992721773716	-0.02900084291511392
-0.050781897346867284	-0.025029489066877842
-0.05248762759034225	-0.02096244441846025
-0.05388893463650296	-0.016822613270641485
-0.05498128087198286	-0.012633198228392893
-0.05576185197135107	-0.00841748298751467
-0.056229561144038126	-0.00419872417032641
-0.05638503962956441	2.7841024287736968e-15