0.34907465510041397	-1.3704549920251028
0.3196770036022954	-1.2795128892018306
0.29216434992408674	-1.2002677183336306
0.2663018872281457	-1.1305694639258994
0.24189683572124912	-1.0687570734963237
0.21878911962840428	-1.0135276266651412
0.1968444896523283	-0.9638450011134937
0.1759493721212682	-0.9188745468623543
0.1560069263556346	-0.8779368612041041
0.13693400494979255	-0.8404732716676171
0.11865876441721654	-0.8060202695221206
0.10111878786603229	-0.7741900426686562
0.0842595642304052	-0.7446557958868902
0.06803327032932185	-0.7171402273201514
0.05239777557102486	-0.6914068495696359
0.03731581883528302	-0.6672523016509976
0.022754340875066205	-0.6445010276009597
0.008683907815188937	-0.6230007935194382
-0.004921756225803961	-0.6026192418032124
-0.018086171066514813	-0.5832400766264616
-0.03083044381397539	-0.5647616677121089
-0.043173558226763345	-0.5470942108005351
-0.05513261881862646	-0.5301580729435168
-0.06672307382939834	-0.5138832995918096
-0.07795889610762938	-0.49820704077910266
-0.08885275052280386	-0.4830738641946214
-0.09941612957079876	-0.4684338156362844
-0.10965948381370019	-0.45424264773795575
-0.11959233037356028	-0.4404605288263367
-0.12922334857640821	-0.42705168894774026
-0.1385604624055817	-0.4139839623906642
-0.14761092585482188	-0.401228910400939
-0.15638138616013422	-0.3887603565348028
-0.16487794460436378	-0.37655533565251886
-0.17310621724691483	-0.3645928536617099
-0.18107137643069995	-0.35285416429615274
-0.18877820376325824	-0.341322590527732
-0.1962311281195184	-0.32998309235131923
-0.20343426238163687	-0.3188222351094488
-0.2103914373412503	-0.3078279444324668
-0.21710622967540316	-0.29698951876328394
-0.22358199646233362	-0.2862977730405281
-0.2298218988036888	-0.2757441821152342
-0.23582892016800536	-0.26532138960882173
-0.24160589484450443	-0.2550231940555573
-0.2471555260136049	-0.24484402071036132
-0.2524804028427028	-0.23477914256100965
-0.2575830177039942	-0.2248245962398848
-0.26246578224508244	-0.2149769755153128
-0.267131037428071	-0.20523341233505626
-0.2715810696618853	-0.19559186165827186
-0.2758181269845907	-0.18605078899522703
-0.2798444240372165	-0.17660877380708526
-0.2836621497403214	-0.1672649573323852
-0.2872734807721568	-0.1580190838926767
-0.2906805916198076	-0.14887109929111383
-0.29388565569651404	-0.13982104683062252
-0.2968908521873539	-0.13086941542678193
-0.2996983760582782	-0.12201710536507795
-0.3023104427282912	-0.11326498558909641
-0.3047292872268531	-0.10461403618637014
-0.3069571700494403	-0.09606557231620919
-0.3089963840029398	-0.08762113009716842
-0.3108492542589558	-0.07928207606290039
-0.31251813712335874	-0.0710499019876934
-0.3140054246108958	-0.06292633082822366
-0.3153135481379826	-0.05491311033008049
-0.31644497531157884	-0.04701179330799148
-0.31740220914477885	-0.03922403987599019
-0.31818779107784323	-0.03155164097012908
-0.31880430154560896	-0.023996250078987202
-0.31925435535376917	-0.0165593691916466
-0.3195406012943699	-0.009242563025700545
-0.3196657235037631	-0.0020474264727502016
-0.31963243936511815	0.0050246718333954166
-0.3194434950847114	0.01197245969704914
-0.31910166521900435	0.018794656005857308
-0.3186097524280898	0.02549004485164764
-0.3179705837450983	0.032057639485874576
-0.31718700713168657	0.038496522625317366
-0.3162618904914118	0.04480581686028516
-0.31519812006073455	0.05098477900618985
-0.3139985963617424	0.057032842766118495
-0.31266623161983376	0.06294951646149574
-0.3112039481716972	0.06873438580700315
-0.3096146759974991	0.07438718994270363
-0.30790134932076607	0.07990779190872174
-0.30606690443316986	0.08529614321153252
-0.3041142776514741	0.09055229548007117
-0.302046402696698	0.09567642875459917
-0.29986620821308857	0.10066881763086892
-0.2975766156869971	0.10552983265549422
-0.29518053725196974	0.11025994704753302
-0.29268087354462446	0.11485971729680322
-0.290080511948143	0.11932978504056273
-0.2873823245280399	0.12367088826060016
-0.28458916600920725	0.127883843343688
-0.28170387245486134	0.13196951740087845
-0.2787292598175249	0.13592885757184342
-0.27566812208461794	0.13976289333802144
-0.27252322980540306	0.1434726967718849
-0.2692973293682218	0.14705937957298942
-0.26599314174770455	0.15052411966509965
-0.262613361001974	0.15386816175571522
-0.25916065338403127	0.1570927493578431
-0.2556376574994547	0.1601991489792301
-0.25204698292543654	0.16318870901085167
-0.24839120891469108	0.16606278939320424
-0.24467288458124634	0.1688227671404999
-0.24089452801671749	0.17147004363502677
-0.23705862636492311	0.1740060093390268
-0.2331676353889176	0.17643210395870954
-0.22922397921819324	0.17874972431593117
-0.22523005096740242	0.18096028046934495
-0.22118821203129377	0.18306521932924022
-0.21710079128883206	0.18506601795867073
-0.2129700852601026	0.18696409568583616
-0.2087983595955093	0.18876083274033673
-0.20458784909956362	0.19045762784299608
-0.20034075730442025	0.19205589893198452
-0.19605925610667926	0.1935570692695372
-0.19174548651810414	0.19496249017121428
-0.18740155994884355	0.19627348953063198
-0.1830295582729826	0.19749139950331196
-0.1786315337396673	0.1986175562120314
-0.17420950899542104	0.19965328028828938
-0.16976547812159776	0.20059982506359209
-0.165301407636071	0.20145842664993371
-0.16081923666818077	0.2022303157563985
-0.15632087707940612	0.20291671756823607
-0.1518082137458394	0.20351882794665996
-0.1472831056841766	0.20403778549200294
-0.14274738683479776	0.20447471373996257
-0.1382028662958782	0.20483072665871163
-0.13365132853855538	0.2051069274369619
-0.1290945339097765	0.2053043781083994
-0.12453421965959534	0.20542410496669714
-0.11997210040158753	0.20546712011891644
-0.11540986844758114	0.20543442014630936
-0.11084919419436402	0.2053269792809372
-0.10629172679560574	0.20514573824569013
-0.10173909473019906	0.2048916197409144
-0.09719290617097286	0.2045655300045808
-0.09265474935460993	0.20416835773939326
-0.08812619305373952	0.20370096652520964
-0.08360878709306588	0.20316420126242243
-0.07910406269546921	0.20255889246312425
-0.07461353280312476	0.20188585583999416
-0.0701386924595526	0.20114588747488196
-0.06568101915421491	0.20033977407637815
-0.06124197304194503	0.1994682888500155
-0.05682299728721088	0.1985321888895518
-0.052425518369182744	0.1975322227302663
-0.04805094622323215	0.1964691277015483
-0.04370067459227795	0.1953436290191108
-0.0393760811127191	0.19415645219350203
-0.03507852729498136	0.19290832530029453
-0.030809358556070025	0.19159996060671436
-0.02656990489410957	0.19023204410044836
-0.022361480885128515	0.18880528100726834
-0.018185385204339665	0.1873203961024321
-0.014042900722618651	0.18577807967808663
-0.00993529477587652	0.18417905637979987
-0.005863818475540524	0.1825240493461954
-0.0018297071880255913	0.18081375357066812
0.0021658189460651376	0.17904885625679878
0.006121555776508188	0.17723011248132425
0.010036316001990904	0.1753582702581281
0.013908928519418424	0.1734340425595448
0.017738238216182887	0.17145817543749903
0.021523107206562392	0.16943145804467025
0.025262414911452168	0.16735465775734232
0.028955057622031436	0.1652285365938999
0.032599949191920274	0.16305391579112832
0.03619602186636248	0.16083162087279806
0.03974222605676148	0.15856246350647993
0.04323753040713935	0.15624728880052657
0.04668092299012103	0.1538869884344563
0.05007141155340165	0.1514824397982308
0.05340802287865366	0.149034479590939
0.05668980370631014	0.1465441143845325
0.05991582395642586	0.14401235169021537
0.06308517392686563	0.14144004417489253
0.06619696423336267	0.13882820288968403
0.06925032792005889	0.13617780243178104
0.07224442020625685	0.13348989269439893
0.0751784209662292	0.13076562231273053
0.07805153351898135	0.12800592583228934
0.0808629830218466	0.1252119407331215
0.08361202254064812	0.1223849049424189
0.08629792858074611	0.1195257761859819
0.08892000230712119	0.11663585451231205
0.09147757409091924	0.11371633104161347
0.09396999804163345	0.11076829002879961
0.09639665679202752	0.10779320638083544
0.09875696295266981	0.10479211628497029
0.10105035023836088	0.1017662011712121
0.10327628546652699	0.09871699179571894
0.10543426555748452	0.0956458231741737
0.1075238177515481	0.09255396693709532
0.10954451150103323	0.0894427190999916