0.24843351390347768	-1.3922215302061551
0.2116588186647631	-1.2766593483792539
0.1778148518514416	-1.1790190164094527
0.146465045818905	-1.0953181371643363
0.11726681786802326	-1.022655322904671
0.08994684879727315	-0.9588669751290395
0.06428395787862323	-0.9023081698539166
0.040096958378789745	-0.851705198499694
0.017235846439862118	-0.8060577423748415
-0.004424727822207975	-0.7645697921659371
-0.02499037066146498	-0.7265993200307951
-0.04455069679062377	-0.6916241636059616
-0.06318224083226352	-0.6592150322562819
-0.08095075618272608	-0.6290164754374777
-0.09791301635708465	-0.6007311638161434
-0.11411827888321975	-0.5741099770301255
-0.12960946975634668	-0.5489418934730201
-0.14442414984160984	-0.5250478822928867
-0.158595310803304	-0.5022751148007549
-0.17215203853302333	-0.48049264996354457
-0.18512007160761776	-0.45958820997089767
-0.19752226422053681	-0.4394647668287021
-0.2093789908141184	-0.42003902089609085
-0.22070848109286567	-0.40123873061241305
-0.2315271143414023	-0.38300167775225297
-0.24184967117056255	-0.3652740187779937
-0.251689550308207	-0.3480092297522938
-0.2610589562303426	-0.33116726497196525
-0.2699690718551263	-0.31471386507426524
-0.2784302032169772	-0.2986196404402024
-0.28645190409880233	-0.2828594342237299
-0.2940430897527756	-0.26741195966304254
-0.30121213512725253	-0.2522593787410919
-0.30796696852570826	-0.23738697470448467
-0.3143151448369743	-0.22278239421816978
-0.32026391220661066	-0.20843574945215843
-0.3258202764921208	-0.19433924569514324
-0.3309910509829125	-0.1804867170368435
-0.33578290168053404	-0.16687363894501564
-0.3402023893678734	-0.15349683662200528
-0.34425600311790905	-0.14035427393575267
-0.34795018911236647	-0.12744484245824014
-0.35129137456384163	-0.11476827851629272
-0.35428599035579783	-0.10232505464614025
-0.3569404865914425	-0.09011608380409149
-0.3592613455358767	-0.0781427517694366
-0.36125509018189317	-0.06640663100910615
-0.36292829288072154	-0.05490974175829759
-0.3642875832232572	-0.04365407741923547
-0.3653396434177542	-0.03264158352429664
-0.366091213840711	-0.02187445632869578
-0.3665490906783701	-0.011354507780765504
-0.36672011923111164	-0.0010835667991457472
-0.3666111948255196	0.008936686054250161
-0.366229252689093	0.018704969721534896
-0.3655812628032494	0.028220053055671088
-0.3646742243231726	0.03748111097318931
-0.3635151544044633	0.04648760235560247
-0.3621110825635253	0.05523921591528435
-0.36046904075450886	0.06373607687782011
-0.3585960540277044	0.07197853964678713
-0.35649913341293316	0.07996730095650248
-0.35418526578933845	0.08770338843604257
-0.3516614058071631	0.09518811647500156
-0.34893446750876184	0.10242311520173687
-0.3460113160543007	0.10941028751320168
-0.34289876034882805	0.11615181245926307
-0.3396035459757214	0.12265008926139084
-0.33613234893289595	0.12890777469214856
-0.3324917681211298	0.13492778514335482
-0.3286883203157519	0.14071314148903255
-0.324728436469423	0.14626707177003456
-0.32061845492182955	0.15159304063854645
-0.31636461756606804	0.15669455180245379
-0.31197306832008226	0.16157523108930189
-0.307449848522381	0.1662388809474057
-0.3028008937738071	0.17068932662601427
-0.2980320342456002	0.17493041746130006
-0.29314899202071915	0.17896614120282417
-0.2881573783032888	0.18280049512979413
-0.28306269597420863	0.18643737183155906
-0.27787033878620376	0.18988080305124758
-0.27258558908773645	0.19313477581395655
-0.26721361982534725	0.19620327719527259
-0.26175949449108826	0.1990902106705532
-0.2562281702161364	0.20179942969606307
-0.2506244976138384	0.20433474428720177
-0.24495322427501962	0.20669985364214027
-0.23921899545985878	0.20889847574400927
-0.23342635378394114	0.21093431111913438
-0.2275797424898166	0.2128108440407665
-0.22168351040561204	0.2145314656671809
-0.21574191315309152	0.2160995398294425
-0.2097591139611862	0.21751839299738315
-0.20373918617020817	0.21879118764003086
-0.19768611810141606	0.2199209516221967
-0.19160381529109094	0.22091065774963226
-0.1854961020113957	0.2217632222355552
-0.17936672347504515	0.22248143868177978
-0.1732193499846418	0.22306796050586053
-0.16705757963915033	0.22352536934254172
-0.16088494028166753	0.22385617581082376
-0.154704891636279	0.22406279692685888
-0.14852082853721713	0.22414752491871628
-0.14233608367618394	0.2241125752867208
-0.13615392961395167	0.22396009091327596
-0.12997758082651303	0.22369213541064456
-0.1238101962222344	0.22331067451249192
-0.1176548814735345	0.22281760390689143
-0.11151469088353298	0.2222147509551468
-0.10539262928645582	0.22150387302723085
-0.09929165403042911	0.22068665728531384
-0.0932146766309325	0.21976473894044768
-0.08716456429908188	0.21873969303696159
-0.08114414163742473	0.21761303279062963
-0.0751561922029508	0.2163862268988605
-0.06920345934130372	0.21506071751713768
-0.06328864727770142	0.21363789643043807
-0.057414422559889336	0.21211910304638446
-0.051583415219026416	0.210505655973121
-0.04579821876714611	0.20879887619024923
-0.04006139077727698	0.20700004503205244
-0.034375454064645754	0.20511040098521802
-0.028742897458110664	0.20313118455547477
-0.023166174960832096	0.20106366874225867
-0.017647705786733126	0.1989090982973816
-0.012189875269764002	0.1966686847126299
-0.006795035280535652	0.19434366176162068
-0.001465502581191852	0.19193532691086254
0.0037964417048771456	0.1894449603437909
0.008988551427063837	0.1868738174676763
0.01410861531676618	0.1842231946074619
0.01915445935234009	0.1814944794152928
0.024123947818567436	0.1786890539459164
0.029014982915748496	0.17580828489115843
0.03382550494575694	0.17285359303137193
0.03855349525577613	0.16982651609845173
0.04319697780873465	0.1667285965206597
0.0477540190056189	0.1635613684996684
0.05222272811223835	0.16032643209512332
0.056601260610437215	0.15702551976729337
0.060887820123251654	0.15366037939260432
0.06508065852143823	0.15023276064165492
0.06917807656470783	0.14674448347021743
0.07317842737586097	0.14319750756941824
0.07708011862070449	0.139593817092948
0.08088161284196461	0.135935405702404
0.08458142821607387	0.13222433610192932
0.08817814199462724	0.12846281424001688
0.09167039283855244	0.1246530743985456
0.09505688120293743	0.12079736177939532
0.09833637024976426	0.11689799948576246
0.10150768900761721	0.11295741979943727
0.1045697340437935	0.10897808393023187
0.10752147029884503	0.10496249161348835
0.11036193280365597	0.10091322703494368
0.11309022870425944	0.09683292439078843
0.1157055382611589	0.09272424986147752
0.11820711601053006	0.08858992736734314
0.12059429249494015	0.08443273482702711
0.12286647531573539	0.08025547907653968
0.12502314999253616	0.07606100441356431
0.1270638811364683	0.07185219526490022
0.12898831328973598	0.06763196098846398
0.13079617162175414	0.06340323418618847
0.13248726251694667	0.05916897417143319
0.13406147448197223	0.054932165059011884
0.13551877819220656	0.05069577626998798
0.13685922616218374	0.04646278325828409
0.1380829539185585	0.0422362174774257
0.1391901800948896	0.03801905956170901
0.14018120508769827	0.03381427921019772
0.1410564115147885	0.029624831647801646
0.14181626256971208	0.02545363659093055
0.14246130303569768	0.021303681674321888
0.14299215926354977	0.017177850982789074
0.14340953564276337	0.013078965308222692
0.14371421556157093	0.009009911842259938
0.14390706042979529	0.004973437772108927
0.14398900676421683	0.0009722758722020136
0.14396106689523155	-0.00299084347759023
0.1438243263638763	-0.0069133350302171435
0.14357994200089444	-0.010792598193535374
0.143229141995378	-0.014626102543157094
0.1427732220966361	-0.01841144744625607
0.1422135451031387	-0.022146151394384184
0.14155154067016024	-0.02582798301206222
0.14078869564721433	-0.029454829690073313
0.1399265604260266	-0.033024349995360296
0.13896674550982413	-0.03653443009428673
0.13791091954907392	-0.03998309700045328
0.13676080127288812	-0.043368520532991915
0.13551816434146038	-0.04668874758143013
0.1341848299199214	-0.04994206593899067
0.13276266931934114	-0.05312679402943215
0.13125359653440094	-0.0562412805756773
0.12965957112080104	-0.059284078422889186
0.12798259109211205	-0.06225371694220973
0.1262246932030483	-0.06514890702349868
0.12438795164436867	-0.06796824035344189
0.12247448713915891	-0.07071067811865477