0.5781892070853716	-1.2906189371034296
0.5512245798817634	-1.2121416093899302
0.5258452897438122	-1.1432684662464017
0.5018626626671129	-1.0823584137671372
0.47911945289572483	-1.0281198785002912
0.45748330999271475	-0.9795229342044469
0.43684186856305157	-0.9357355235886112
0.417098979846358	-0.8960787962547787
0.398171797499561	-0.8599931585372873
0.379988481510258	-0.8270134614295369
0.36248638966320595	-0.796749428458115
0.3456106104811793	-0.7688717271163298
0.32931278537776837	-0.7431003294609116
0.3135501457121967	-0.7191957695714701
0.2982847128364593	-0.6969518899174405
0.28348265050815874	-0.6761900660310499
0.26911370595806133	-0.6567554349984738
0.25515075529144143	-0.6385126572368046
0.24156940919867848	-0.6213426248022583
0.22834768444138445	-0.6051409833681816
0.2154657175851638	-0.5898151850630963
0.20290552778444856	-0.5752828313769749
0.19065080613097576	-0.5614712302912755
0.1786867305689928	-0.5483147408609459
0.16699981358416938	-0.5357552513333658
0.15557776168635307	-0.5237398940485354
0.1444093580135449	-0.5122216112205077
0.13348435243547363	-0.5011576695292107
0.1227933713140614	-0.49050943632932265
0.11232783716593854	-0.48024161944699806
0.10207989348845295	-0.4703226717306133
0.092042335555464	-0.4607234088012103
0.08220856116263486	-0.45141737575692364
0.07257250900809475	-0.44238052929328187
0.06312862005888209	-0.4335905057264564
0.053871791618906165	-0.4250272156520639
0.0447973385051612	-0.4166720211205242
0.03590096056657978	-0.40850780878501564
0.027178711301621354	-0.4005188435276885
0.01862697195637032	-0.39269050234407527
0.010242423166982817	-0.38500964088130496
0.002022018360822865	-0.3774639452788315
-0.00603703101727193	-0.37004192403566016
-0.01393727869115621	-0.3627332687983272
-0.021681064421418702	-0.3555283140671891
-0.0292705251369573	-0.34841802047792997
-0.036707613272393025	-0.34139428791405174
-0.04399411277106033	-0.3344495319385011
-0.05113165032329497	-0.3275767782516242
-0.05812170809255398	-0.3207695894105099
-0.06496563563568049	-0.31402207619990524
-0.0716646594511717	-0.3073287280305467
-0.07821989317210883	-0.3006846050749137
-0.0846323498792037	-0.29408527506911
-0.09090294947583778	-0.28752652144873964
-0.09703252506596627	-0.2810045392223396
-0.10302183261908658	-0.27451597531061783
-0.10887155948671051	-0.2680577762274205
-0.11458232995623316	-0.2616271768138287
-0.12015471226269055	-0.2552217303364018
-0.1255892250263583	-0.24883928544009315
-0.13088634365013618	-0.24247796804283125
-0.13604650534335985	-0.23613611732248127
-0.14107011441665449	-0.22981234690051572
-0.14595754830683888	-0.22350555050682766
-0.15070916323352415	-0.2172148423181005
-0.15532529775117374	-0.2109394803597937
-0.15980627673744013	-0.2046789416665335
-0.1641524161684595	-0.1984329235777551
-0.16836402784960353	-0.19220133770251235
-0.17244142330876547	-0.18598422950856655
-0.17638491637450363	-0.1797817810398226
-0.1801948267212989	-0.17359435281240243
-0.18387148372447493	-0.16742248407442303
-0.18741523016877662	-0.16126686604487092
-0.19082642449459106	-0.15512825688124138
-0.19410544273604377	-0.14900754108836228
-0.19725268159362785	-0.14290575099091304
-0.2002685616153025	-0.13682406403216693
-0.20315352967727587	-0.1307637206590781
-0.20590805959880187	-0.12472599787224758
-0.2085326539642684	-0.11871229016482802
-0.2110278467461445	-0.11272411432447783
-0.21339420579163867	-0.10676307916877179
-0.21563233334787285	-0.10083075870079175
-0.2177428659794154	-0.09492878208021474
-0.21972647644393914	-0.08905887710512567
-0.2215838758113557	-0.08322286678549273
-0.2233158146430374	-0.07742255762622027
-0.22492308160026306	-0.07165970350558472
-0.22640650382766583	-0.06593612544569592
-0.22776694854390603	-0.060253719336800675
-0.2290053244627811	-0.0546144175185887
-0.2301225807841029	-0.049020034271770915
-0.23111970552808153	-0.0434723808511004
-0.23199772631363394	-0.037973318836267755
-0.2327577114344638	-0.03252475618160117
-0.2334007699001121	-0.027128525897203125
-0.23392804876989096	-0.021786353196718705
-0.23434073244204548	-0.016499981479596502
-0.23464004318346188	-0.011271179706639036
-0.2348272414967766	-0.006101705969605509
-0.23490362422952052	-0.0009931668366730912
-0.23487052217293175	0.004052874100465791
-0.23472929985550522	0.009034851329377789
-0.23448135557589653	0.01395120063192731
-0.23412812060564941	0.018800455761995915
-0.23367105630590557	0.023581268620360977
-0.23311165282065519	0.028292314371773562
-0.232451428654412	0.03293228738013364
-0.23169193013433395	0.03749992583542093
-0.23083472937147553	0.041994102710503155
-0.2298814219903129	0.04641375096923072
-0.22883362623884865	0.05075783949688674
-0.22769298220571546	0.05502537504568963
-0.22646115057644756	0.059215455146254634
-0.22513981034052333	0.06332727101015835
-0.22373065740535344	0.06736006175801766
-0.22223540356637234	0.07131311463663387
-0.2206557754144552	0.07518577580791667
-0.21899351264429423	0.07897748229916024
-0.21725036644487236	0.08268772748445276
-0.21542809834616605	0.0863160591662407
-0.21352847903699831	0.08986208052930576
-0.2115532870533498	0.09332546295645494
-0.2095043073785495	0.09670593272713805
-0.20738333034483536	0.10000326921836307
-0.20519215043045771	0.10321730850568507
-0.20293256502931242	0.10634794437990917
-0.20060637329004322	0.1093951156476964
-0.19821537528558553	0.1123588014087997
-0.1957613709612447	0.11523903472641997
-0.1932461589632205	0.11803590309632965
-0.1906715355235518	0.12074953771776542
-0.18803929386164353	0.12338008793335592
-0.1853512235353037	0.12592774736752865
-0.1826091093858096	0.12839275985952972
-0.17981473047119853	0.13077541535966083
-0.176969859421931	0.13307601423880036
-0.1740762622225952	0.13529487935407122
-0.17113569745431043	0.13743237468343383
-0.16814991540432866	0.13948890558823074
-0.16512065725212152	0.14146490409812384
-0.16204965500416754	0.14336079038938887
-0.15893863134631103	0.1451770145362814
-0.15578929882331521	0.14691406706152205
-0.1526033589952278	0.14857247193198753
-0.1493825022225805	0.15015273799113718
-0.1461284078855753	0.15165538296066447
-0.1428427439165143	0.15308095065322777
-0.13952716624438022	0.15443001052716498
-0.13618331834378578	0.155703141740868
-0.13281283137474717	0.15690091001327397
-0.12941732417772922	0.15802389494441146
-0.12599840289840228	0.15907269439110802
-0.12255766060121046	0.16004792233756915
-0.11909667716507744	0.16095018234907116
-0.11561701956556968	0.16178007359068847
-0.11212024170992811	0.16253820932368193
-0.10860788412540345	0.16322521722448458
-0.10508147377543703	0.1638417212860389
-0.10154252433587599	0.16438833562309255
-0.09799253614290425	0.1648656825247353
-0.0944329960666818	0.16527438822130566
-0.09086537750922388	0.16561507458450506
-0.08729114043918328	0.16588836730609047
-0.08371173133282818	0.1660948906263497
-0.080128583259733	0.16623526265683344
-0.07654311600440733	0.16631010347480932
-0.07295673575880969	0.1663200482037337
-0.06937083518453928	0.16626571471998738
-0.06578679382876618	0.16614770381952
-0.06220597807434406	0.1659666445853461
-0.058629740532520104	0.16572317287960922
-0.05505942041506698	0.1654178952311662
-0.0514963442079185	0.165051391677131
-0.04794182517552882	0.16462432107874117
-0.04439716223547846	0.16413732929760858
-0.04086364115895229	0.16359099165778246
-0.03734253534289405	0.1629859093413307
-0.033835104469016566	0.162322730564249
-0.030342594512882643	0.16160207936840817
-0.026866238158495617	0.16082457257544094
-0.02340725439598541	0.15999084865798474
-0.019966849295534404	0.15910148108246544
-0.01654621579677143	0.1581571284677532
-0.013146531795301113	0.15715849508810864
-0.0097689616942075	0.15610613058482758
-0.0064146576061787555	0.1550006627940887
-0.0030847565449459245	0.15384284798444384
0.0002196197468621883	0.1526332946485102
0.003497361577466044	0.15137258207828438
0.006747373675859879	0.15006147995470773
0.009968578742258614	0.14870077467780382
0.013159911155961945	0.1472908403160906
0.016320316668220286	0.1458324395938076
0.01944876056702814	0.14432645544226094
0.022544223303459367	0.1427735412880435
0.025605701524901603	0.1411744652311442
0.02863220661701765	0.13952985102267765
0.03162277660168377	0.13784048752090225