-1.0488088481701519	-0.9486832980505138
-1.1096039541578182	-0.6654230660560072
-1.1516233759484291	-0.44939015461356874
-1.1790413602610934	-0.2786232831101626
-1.1948228680684176	-0.14170624320181915
-1.2012572370666377	-0.031664172648913136
-1.2001891440404895	0.05647823738847398
-1.1931276032083136	0.1266768202812258
-1.1813068887453835	0.1822421243741559
-1.1657295338365483	0.22597618320126306
-1.14720251740541	0.2602311801750291
-1.1263698176053452	0.2869521207086324
-1.1037416590860374	0.3077222380305921
-1.0797201412662283	0.32381247005199293
-1.0546210552917836	0.33623165015126805
-1.0286919863494293	0.345773468262097
-1.0021270394564539	0.3530583103891324
-0.9750786095323531	0.3585688783772694
-0.9476666993485309	0.36267944418113857
-0.9199862211380446	0.3656795822594593
-0.8921126934776719	0.3677929405942447
-0.8641066648649155	0.3691920222574648
-0.8360171457249661	0.37000967612653024
-0.8078842686231704	0.37034800594529416
-0.7797413526507883	0.3702852339731648
-0.7516165087390507	0.3698809833717998
-0.7235338918089411	0.36918034016653367
-0.6955146817590718	0.3682169714843187
-0.6675778559895948	0.36701552775831153
-0.6397408022355097	0.36559345950550587
-0.6120198081939915	0.3639624757134419
-0.5844304563370959	0.3621295896671617
-0.5569879466390801	0.3600979751284956
-0.5297073629045735	0.35786761244249937
-0.502603895593959	0.3554357835959039
-0.4756930316394836	0.3527974644223418
-0.44899071752334807	0.3499456265747949
-0.4225135019639066	0.3468714836648355
-0.3962786628461281	0.3435646679860071
-0.37030431874146386	0.3400134317939327
-0.3446095305021118	0.3362047621871216
-0.3192143907180721	0.3321245258072731
-0.29414010490004217	0.3277576010908219
-0.26940906015791766	0.3230880228440384
-0.2450448838369047	0.31809914870594475
-0.22107248931986934	0.31277381491858947
-0.19751810709237283	0.3070945429016686
-0.17440929943876587	0.3010437898245394
-0.1517749565840546	0.2946042259091147
-0.1296452695710305	0.2877590001794988
-0.10805167765921622	0.2804921389281236
-0.08702678820911483	0.2727889635105587
-0.0666042638352169	0.26463648285379615
-0.04681867320393873	0.25602389180361734
-0.02770530505630886	0.24694312817342548
-0.009299941738400931	0.23738938312185343
0.008361410295275897	0.22736164623800184
0.02524283097112526	0.21686328979850664
0.04130883808901336	0.20590255918595743
0.056524779809817925	0.19449309599527578
0.07085725559022829	0.18265434579165016
0.0842745704939647	0.1704117197857561
0.09674720676690625	0.1577970645380701
0.10824829781581477	0.1448485148816317
0.11875411107886785	0.13161020196608544
0.12824450669301607	0.11813243063932469
0.13670336137569106	0.10447079842404848
0.14411896700469468	0.0906855023313898
0.15048434655078327	0.07684081852859784
0.15579752669302413	0.0630040017797809
0.1600617183477724	0.04924407754257722
0.16328541758777837	0.03563088202009756
0.1654824197948619	0.022233864251725747
0.1666717448054272	0.009120921842113178
0.16687748088932877	-0.003642644974004276
0.16612855028562584	-0.01599505808701966
0.1644584067371875	-0.02787890758057993
0.1619046788842327	-0.03924184145396804
0.15850876974844136	-0.0500369911656853
0.15431542534597545	-0.06022325490762992
0.14937228826915588	-0.06976544933440823
0.14372944336777999	-0.07863445340348771
0.1374389803214007	-0.0868067471204943
0.13055456040497398	-0.09426427257420486
0.12313101555173099	-0.10099422213839739
0.11522397631188698	-0.1069884085576889
0.10688952822466445	-0.11224289591159892
0.09818390728848471	-0.11675759340232884
0.08916322796875978	-0.12053573012544004
0.07988324333998623	-0.12358350527115322
0.0703991374874146	-0.1259096765278365
0.060765341627136496	-0.127525209869161
0.05103537462377758	-0.1284430990497427
0.04126170279305427	-0.12867809020131504
0.031495609844483165	-0.12824649961150159
0.021787077973700737	-0.12716619252401365
0.012184680398922546	-0.125456530164612
0.0027354616713872355	-0.12313824738626786
-0.006515168873136281	-0.12023370935774168
-0.015523553683162683	-0.11676670285299558
-0.024247910213697006	-0.11276272388593968
-0.03264845446852245	-0.10824895635974023
-0.04068753633321766	-0.10325435863823564
-0.04832977580003261	-0.0978097432724056
-0.055542207151166326	-0.09194781148409666
-0.062294420405282054	-0.08570318693150666
-0.06855870743145542	-0.07911228434866052
-0.07431019965997401	-0.0722134211741069
-0.07952699918179022	-0.06504650426466448
-0.08419030361019168	-0.05765295361197573
-0.08828450805622177	-0.05007555586109967
-0.0917972954213984	-0.04235799645194278
-0.09471970422676984	-0.03454478020429693
-0.09704616711728431	-0.02668078006255591
-0.09877453048018658	-0.018810836799030523
-0.09990604022062169	-0.01097952562858088
-0.10044530091535384	-0.003230637962133215
-0.10040020747650939	0.004393109072173745
-0.09978184688860178	0.011850464672691022
-0.09860437650739985	0.019101941756428008
-0.09688487523810671	0.026110133236746897
-0.09464317825907911	0.032840005420292466
-0.09190168997520783	0.0392589737564104
-0.08868518356001305	0.04533725899265933
-0.0850205937980621	0.051047869958718406
-0.08093679514095964	0.05636665453794109
-0.07646438291337583	0.061272501359542736
-0.0716354517855377	0.06574713607998432
-0.06648336784500791	0.06977520612428274
-0.06104256198273393	0.07334419407397563
-0.055348309481535844	0.07644425794229825
-0.049436530304333155	0.07906831227372481
-0.04334358935845087	0.08121170696331288
-0.03710610817802268	0.0828723053460226
-0.030760783271471533	0.08405026990117591
-0.024344212340235864	0.0847480205867629
-0.017892727249036167	0.08497010567942354
-0.011442234500398978	0.08472318137840916
-0.0050280598779026565	0.08401585018571876
0.0013152008562637594	0.08285871273677947
0.007553827563709358	0.08126422076262825
0.013655117716557561	0.07924667713816412
0.019587524243267047	0.07682219895537996
0.025320791628591775	0.07400864931876128
0.030826087831101894	0.07082562135470849
0.03607613312060718	0.067294367757825
0.04104532489928963	0.06343776605859171
0.045709857115913244	0.059280218712939196
0.05004783505145666	0.05484758790258926
0.05403938096737165	0.05016710609318098
0.05766673296446723	0.04526719536208786
0.0609143339092857	0.04017741233918649
0.06376890645771918	0.03492822486242155
0.06621951930871411	0.029550829508139122
0.06825763548622737	0.024077034077512504
0.0698771472035509	0.01853894383449073
0.07107439524173559	0.012968823921083002
0.07184816886790935	0.007398848161878859
0.07219969149807796	0.0018608514638265696
0.0721325870505073	-0.0036138572299119222
0.07165283041476185	-0.008994747039635388
0.07076868121976213	-0.014252242105610172
0.0694906023651856	-0.019357979730102382
0.06783116418518521	-0.024284867512366626
0.06580493524496095	-0.029007431701314087
0.06342836437014829	-0.03350170857513308
0.06071964766246951	-0.03774563058926444
0.05769859609352439	-0.04171887357234496
0.05438648473156318	-0.04540311617477606
0.05080591226753588	-0.048781986260784845
0.046980640855228156	-0.0518411046782795
0.042935450327151	-0.054568185677909636
0.038695977245980645	-0.056952873128159914
0.03428856613512296	-0.05898694789903513
0.02974011357857484	-0.060664067170933346
0.02507791882182456	-0.06197997197714436
0.0203295353182234	-0.06293224178273726
0.015522624486239863	-0.06352042473213061
0.010684813868652788	-0.06374588250626066
0.005843556448070136	-0.06361181887855309
0.0010259951781194027	-0.06312319878539961
-0.0037411709315525897	-0.062286724065679415
-0.008431816350905926	-0.06111078484339114
-0.01302051584763398	-0.05960541027322704
-0.01748266735806476	-0.05778223247944124
-0.02179461144791064	-0.0556544144416158
-0.025933746532052368	-0.0532366302297218
-0.029878639586368425	-0.05054494743524091
-0.0336091324427029	-0.04759683548567903
-0.03710644109964081	-0.044410992177045215
-0.04035325143677138	-0.04100736239151419
-0.043333803696672814	-0.03740693615757864
-0.04603397501859734	-0.033631731891038276
-0.04844134621918666	-0.02970460643346967
-0.05054526587460721	-0.025649156813322273
-0.05233689919233426	-0.021489610831145773
-0.053809269263829305	-0.017250592333791972
-0.05495728469714571	-0.012957075901749033
-0.055777755810272146	-0.008634129666706371
-0.056269399691257674	-0.004306816563272815
-0.05643283057786698	5.700409762277037e-15