1.4142135623730951	-6.776263578034403e-21
1.4055074358491337	-0.07650734723930872
1.392664199574775	-0.08119766952978312
1.3795665205627987	-0.08148836678383774
1.3664532219537049	-0.08150447590357876
1.3533393254235409	-0.0815029514537562
1.3402258115420014	-0.081500191568622
1.3271127572428343	-0.08149726925870489
1.3140001849303706	-0.08149421788475361
1.300888104992623	-0.08149107382844062
1.2877765332530384	-0.08148790886550396
1.2746654870392875	-0.0814846618299392
1.2615549719379064	-0.08148124219039608
1.248445010201009	-0.08147777034013243
1.2353356176774324	-0.08147416416198243
1.2222268160491832	-0.08147043828361608
1.2091186227798998	-0.08146659214706652
1.196011058689417	-0.08146261947589874
1.1829041432600171	-0.08145852763473309
1.1697979007108663	-0.08145424972283231
1.156692356996133	-0.08144985696928712
1.143587526359507	-0.08144538042905229
1.1304834285479874	-0.08144071853347888
1.117380101279656	-0.0814358361367427
1.104277564315595	-0.08143088848644241
1.09117584260714	-0.08142567175634687
1.078074975437567	-0.0814203084588957
1.0649749801353707	-0.08141478870792805
1.0518758994067625	-0.0814089693062135
1.0387777633504627	-0.08140305021533789
1.0256806003257208	-0.08139682928970587
1.012584457887209	-0.08139041775577274
0.9994893636031121	-0.08138373565087195
0.9863953698787387	-0.08137680105090207
0.9733025071636544	-0.08136960689768305
0.9602108331989657	-0.08136209143048119
0.9471203826224763	-0.08135433192451476
0.9340312174995831	-0.08134617360304904
0.9209433790262773	-0.08133778961620415
0.907856928507801	-0.08132894316793099
0.8947719245231754	-0.08131981326456496
0.8816884214154606	-0.08131025779902575
0.8686064911668272	-0.08130027401946949
0.8555262012526633	-0.08128985848851913
0.8424476253081683	-0.08127896639497925
0.8293708416033676	-0.08126757541607607
0.8162959328947492	-0.08125565374804267
0.8032229869201739	-0.08124317718053305
0.7901520943449204	-0.0812301208712347
0.7770833549794518	-0.08121640485017169
0.7640168729592769	-0.08120206684216948
0.7509527717278534	-0.08118700638083297
0.7378911389562804	-0.08117115558183667
0.7248321181259074	-0.08115454278008477
0.7117758434519694	-0.0811370079810539
0.6987224613242173	-0.08111856911821409
0.6856721258873161	-0.08109913193701744
0.6726250066800766	-0.0810786105312128
0.6595812784051859	-0.08105688423425139
0.6465411337470247	-0.0810341194174238
0.6335047727977862	-0.08100982128276535
0.6204724206126498	-0.08098425918878668
0.6074443060255811	-0.0809572008240664
0.5944206769659401	-0.08092838659123691
0.581401826233768	-0.08089781670417254
0.5683880506993683	-0.08086528578210828
0.5553796786602408	-0.08083059690852408
0.5423770530069528	-0.08079385276975996
0.5293805506100946	-0.08075445258458125
0.5163905949541329	-0.08071241320513532
0.5034076370556801	-0.08066743487673335
0.49043216818926894	-0.08061926682862644
0.4774647280845332	-0.080567593654386
0.46450590693806676	-0.08051207088227463
0.4515563512688135	-0.08045235526509349
0.43861677301898133	-0.08038795199463357
0.42568795636464735	-0.08031848556143481
0.4127707624106453	-0.08024340560649823
0.3998661440567352	-0.08016211146612681
0.3869751559724246	-0.08007390698992073
0.3740989699493891	-0.0799780299976087
0.3612388821998425	-0.07987357756480346
0.34839634849933854	-0.07975959389176185
0.3355729903996318	-0.07963497772018852
0.32277061481311076	-0.0794985546579951
0.30999125629542823	-0.0793486537947682
0.2972372061872572	-0.07918366904494283
0.28451104669879373	-0.07900163538194971
0.2718156905787017	-0.07880036304639494
0.25915443635447183	-0.07857726706667853
0.24653103719904973	-0.07832930080540552
0.23394976297077907	-0.07805301911050733
0.22141548818433654	-0.07774436849771522
0.20893378975474694	-0.07739863360053796
0.19651106493375414	-0.07701033063123464
0.1841546684031416	-0.07657299435627482
0.17187307188082646	-0.07607920929647885
0.15967605317032713	-0.07552009884840757
0.14757492392311738	-0.07488544245728167
0.13558277949962017	-0.07416323745669665
0.12371479996977136	-0.07333955273929291
0.11198858778709878	-0.0723981458013612
0.10042455662397272	-0.07132026002930177
0.08904635727183768	-0.07008439598562699
0.07788133819098998	-0.06866606407298517
0.06696102901547844	-0.06703778011485696
0.05632161691442303	-0.0651691823707812
0.04600437775398591	-0.06302750248115457
0.03605599429487057	-0.06057846854698334
0.026528691968314557	-0.05778777942042432
0.01748007290745247	-0.0546233393163006
0.00897252978216509	-0.05105826357637562
0.0010721061746291403	-0.04707475042542667
-0.0061533074143621065	-0.042668436609429344
-0.012636520436458923	-0.03785307389416658
-0.018314275786213013	-0.03266443392103732
-0.02313103679408316	-0.02716294617377292
-0.027043004018423734	-0.021433874420769432
-0.03002192858691599	-0.015584520744016794
-0.032058220967426214	-0.009738295557936595
-0.033162897935615235	-0.004026404497311652
-0.033368077202474526	0.001421686732101716
-0.032725950008143205	0.006487290773038264
-0.031306430940838764	0.011069783754191025
-0.02919388014920824	0.01509068403265709
-0.026483370325039158	0.01849529728253213
-0.023276973698122358	0.021250950110823116
-0.019680407244538803	0.023344376119194123
-0.015800224618690763	0.024777826797348156
-0.01174161063256762	0.025565500665644784
-0.0076067063137875745	0.025730625334077984
-0.003493327475937444	0.025303509159241396
0.0005060830767296265	0.02432054557522161
0.004305419788000567	0.022824141217274503
0.007825909746502234	0.020863142803920418
0.010997198063081174	0.01849343996747419
0.013758525068671501	0.015778405390784404
0.016059926500556664	0.012788930840842818
0.017863391649360037	0.009602350208199328
0.019143783372955678	0.00630104970846073
0.01988944997454587	0.0029698198523138634
0.020102388721739653	-0.00030701391735478
0.019797910147225255	-0.0034487835135479285
0.019003808174357192	-0.006381438140144915
0.017759094883872017	-0.009039990723785791
0.016112395781853344	-0.011370086434903497
0.014120159197592698	-0.013328933148317713
0.011844775011353129	-0.014885431522793268
0.009352723789564487	-0.016019730328765944
0.0067128254955289976	-0.01672246631345521
0.003994619971145518	-0.016993903610141553
0.001266884154712494	-0.016843139739319335
-0.0014037298258344866	-0.016287394263471495
-0.003953963702569052	-0.015351557060701102
-0.006325151906165069	-0.014067769079992904
-0.008464360515552145	-0.012475069566677127
-0.010325459163048861	-0.010618884811845891
-0.011870098971392753	-0.008550385125373513
-0.013068555485900944	-0.006325411752706824
-0.013900378392369322	-0.0040031299201697046
-0.014354802064005008	-0.0016444572116630606
-0.014430874799160052	0.0006898234477917759
-0.014137281513734163	0.002941021775157403
-0.01349186487969911	0.005054314195053766
-0.012520875009100419	0.006980252419382799
-0.011257991443505831	0.008676083157389497
-0.009743176034654997	0.010106585609547913
-0.00802142163545824	0.011244503935926131
-0.006141452383748377	0.01207071277686991
-0.004154419305176983	0.012574139404264198
-0.002112624143665609	0.012751505654342719
-0.00006828894889791114	0.012607015670489276
0.0019276203453737165	0.012152020902139573
0.003826500823279537	0.011404548526959449
0.005583192365014744	0.010389100673827614
0.007156936026817722	0.009135995909080572
0.008512289837354315	0.007680824820485137
0.009619917026910074	0.006063731407912687
0.01045724288246934	0.004328469023182567
0.01100894588274344	0.002521234203976991
0.01126725462780114	0.0006894571934866831
0.011232030200676193	-0.0011196567423408274
0.010910631114589144	-0.002860313164151508
0.010317554284248777	-0.004489814181458968
0.009473879986524575	-0.005969208196727
0.008406552598607687	-0.007264652705432564
0.007147523462481313	-0.008347892482960896
0.005732798187978218	-0.009196820810446904
0.004201428755201727	-0.009795717506048776
0.0025944763442867893	-0.010135326224874099
0.0009539732807689956	-0.01021281472032223
-0.0006780994196514232	-0.01003161994901471
-0.002260803307713443	-0.009601221427679016
-0.003755192152703961	-0.00893684615793814
-0.005125207447071693	-0.0080590965012067
-0.0063385068940553044	-0.00699346901576713
-0.007367209825187586	-0.005769830509942011
-0.008188538295844072	-0.004421608929907255
-0.008785332639693761	-0.0029850560396661565
-0.009146425245894221	-0.0014982384349960939
-0.0092668503716887	2.2545984176836065e-15