1.2649110640673518	0.6324555320336762
1.2929047040150503	-0.003839077004036509
1.285976765550015	-0.07284404746045198
1.2751866016301334	-0.08051062274257997
1.2639663644377699	-0.0813700907717716
1.25269784869426	-0.0814658371074604
1.2414241428466115	-0.08147429042484822
1.2301502082972418	-0.08147251083437153
1.2188766369074235	-0.08146943791829746
1.2076035096359137	-0.08146613617574222
1.1963308475504613	-0.08146272158906626
1.1850586647266377	-0.08145920912404545
1.1737869747905874	-0.08145559835830729
1.1625157916033613	-0.08145188367480412
1.1512451297193802	-0.08144806243753851
1.139975004208732	-0.08144413091085126
1.1287054307214512	-0.08144008481439521
1.1174364255472415	-0.08143591937599298
1.1061680055839318	-0.08143162604498524
1.094900188253245	-0.08142720374878817
1.0836329919359438	-0.08142264574588778
1.072366435638397	-0.08141794858713847
1.0611005391403483	-0.0814131086772141
1.0498353230844557	-0.08140811845178997
1.038570809145214	-0.0814029667617471
1.0273070192788056	-0.08139764408811317
1.0160439768663345	-0.0813921548205878
1.0047817064279392	-0.08138649037366516
0.99352023345108	-0.08138063883935102
0.9822595841750097	-0.08137457892630386
0.9709997862274099	-0.08136831820932607
0.9597408691107185	-0.08136186167960047
0.9484828623148176	-0.08135515625177037
0.9372257974160676	-0.08134823502623172
0.9259697080855148	-0.08134107279776397
0.914714628644294	-0.08133363022315411
0.9034605951021137	-0.08132594324984863
0.8922076461523402	-0.0813179690620251
0.8809558208905277	-0.08130968901458073
0.8697051622032794	-0.08130110557968562
0.8584557119218102	-0.08129220969356435
0.8472075178470008	-0.0812829685319579
0.8359606273882806	-0.08127334962820629
0.8247150926699034	-0.08126337942099524
0.8134709654129795	-0.08125299568844532
0.8022283039418128	-0.08124219476099785
0.7909871662126688	-0.08123098751427843
0.7797476152898613	-0.08121924755716921
0.7685097175873775	-0.08120706316577687
0.7572735400964334	-0.08119439321940085
0.7460391591118825	-0.08118108753266018
0.7348066522977817	-0.08116729522139468
0.7235760992260121	-0.08115287288789481
0.7123475896538009	-0.0811377301175372
0.7011212152169208	-0.0811219776601923
0.6898970730587648	-0.08110552264564629
0.6786752657885463	-0.08108828842961399
0.6674559034083424	-0.08107017996902818
0.6562391021733017	-0.08105115510235525
0.645024987614261	-0.08103128528774634
0.6338136897614879	-0.08101050769475028
0.6226053488029026	-0.08098859235730228
0.6114001149207964	-0.08096562812122587
0.6001981388517545	-0.08094137340785416
0.5889996040739612	-0.08091588829893447
0.5778046911688168	-0.08088900920218113
0.5666135985560999	-0.08086069763557742
0.555426534492038	-0.08083075169806825
0.5442437111719668	-0.08079925686215826
0.5330653822257867	-0.08076588085851648
0.5218918034055995	-0.08073056097978097
0.5107232546480012	-0.08069315444892881
0.49956003488311806	-0.08065350810046154
0.48840246819542393	-0.08061141736001548
0.47725090485367333	-0.08056670712172778
0.4661057224561786	-0.08051915303230588
0.45496733080347607	-0.08046851473032784
0.4438361757707326	-0.08041449840217361
0.4327127370971977	-0.0803568883350227
0.4215975396659964	-0.08029539418504517
0.4104911545671594	-0.0802295685816149
0.3993941988694991	-0.08015896736961285
0.38830735065903405	-0.08008326550141334
0.3772313538879515	-0.08000205149961183
0.3661670195783877	-0.07991465283408665
0.35511524042459297	-0.0798204904883558
0.3440769968081318	-0.07971890221013997
0.33305336698474	-0.07960915016765821
0.322045538787569	-0.07949038088468179
0.3110548246354083	-0.07936165425416031
0.3000826731648961	-0.07922184343878255
0.2891306973849687	-0.07906981823014773
0.27820068411906423	-0.07890421684605138
0.2672946159891772	-0.07872343793447456
0.2564147127363393	-0.07852573854564125
0.24556344884402403	-0.07830914185100735
0.23474359390215152	-0.07807136455604635
0.22395824831298605	-0.07780987842721496
0.21321089284783828	-0.07752176987626262
0.20250544205505708	-0.07720362042515586
0.19184630913719333	-0.07685163363473314
0.18123847237542515	-0.07646143480625586
0.1706875582551613	-0.0760280129914109
0.16019993471752683	-0.07554566447023177
0.14978281680830385	-0.0750078169285778
0.1394443888131356	-0.07440696571175753
0.12919394824554306	-0.07373458190709369
0.11904205219799438	-0.07298093745882318
0.10900069172321547	-0.07213499456087544
0.09908348371494176	-0.07118429775861046
0.08930587872546647	-0.07011478860017718
0.0796853812656163	-0.06891080313112473
0.07024177683083434	-0.06755504825202323
0.060997357913352215	-0.06602860935675077
0.05197713518022623	-0.0643111471394293
0.04320901418869133	-0.062381231960056516
0.034723910169396015	-0.060216903373322965
0.02655577149485887	-0.057796456241931686
0.01874147076172231	-0.055099523150678446
0.011320516012452049	-0.052108651592548134
0.00433453724073849	-0.04881095605990885
-0.002173488450281238	-0.04520022373317078
-0.00816031253195755	-0.04127907533659976
-0.013583780227419698	-0.03706104820114182
-0.018404469110458895	-0.03257232460332127
-0.02258751779748141	-0.027852739255740472
-0.02610452805516964	-0.022955779155754606
-0.028935383459070613	-0.017947326937935045
-0.03106980377705261	-0.012903174972177519
-0.032508475939056	-0.007905335227183296
-0.03326362392647922	-0.0030377920716033817
-0.03335896119090209	0.0016181019630071242
-0.03282903228836304	0.0059877689033362635
-0.031718039500624774	0.01000667111772602
-0.030078300869110394	0.013622332400124722
-0.0279684945803256	0.016795239189754414
-0.025451890315215595	0.01949849183216341
-0.022594664821075777	0.02171670932633614
-0.019464418916529013	0.023444386017837503
-0.01612893256576762	0.024684151072872758
-0.012655165941524056	0.025444979076390112
-0.00910847021970736	0.025740928250870754
-0.005551965740991027	0.025590061819442622
-0.0020460292333129323	0.025013904506525908
0.0013521663073604699	0.024037228347189663
0.004589102865686917	0.022688132222284194
0.007615396186748236	0.02099830374568582
0.01038631273526822	0.01900332362712247
0.012862324935504885	0.01674287760675067
0.015009682974090367	0.014260769910420381
0.01680096923452981	0.011604643286785293
0.018215588801899166	0.008825336560662622
0.019240151259070165	0.0059759441957713665
0.01986869882633053	0.0031105779016258202
0.020102747646504535	0.00028290950825326686
0.01995112178345326	-0.0024553666762879766
0.01942958660432053	-0.005055849294469899
0.018560300258200598	-0.007474698983138975
0.017371108406387163	-0.009673686787698569
0.015894740178142665	-0.011620560375621434
0.014167941240051454	-0.01328951271208722
0.012230585726652483	-0.014661118077049826
0.01012480527872265	-0.01572212089599656
0.007894158982224229	-0.01646508248613068
0.005582856203701709	-0.0168879765575797
0.00323503571438833	-0.016993783175309734
0.0008940981125606733	-0.016790140468251776
-0.0013979180704741998	-0.016289052200537217
-0.003600924763530715	-0.015506675154725749
-0.005677346305780175	-0.014463134765106576
-0.0075926568233425674	-0.013182364630738757
-0.009315893848090817	-0.011691887256076373
-0.010820136054125257	-0.010022536024029072
-0.01208293540812986	-0.008208054054361459
-0.013086686223516247	-0.006284553904262227
-0.013818904089709523	-0.004289866853887113
-0.014272414053030848	-0.0022627452813890054
-0.014445416515252885	-0.00024199129296500587
-0.014341432340035924	0.0017344503171908842
-0.013969123629024721	0.0036303677502546646
-0.013341997682718718	0.005412076133709672
-0.012478007806846311	0.007049097621907649
-0.011399069152917099	0.008514714567488675
-0.01013051108003701	0.009786346450200059
-0.008700488059657384	0.010845771260682684
-0.007139368729966682	0.011679214041806649
-0.005479120726189949	0.012277331718792805
-0.003752701942234379	0.012635133268045494
-0.001993467935925782	0.012751839119443508
-0.00023459946592553697	0.012630724392156845
0.0014914465501918797	0.012278964956208548
0.003153464487127189	0.011707361921939649
0.004721995426058712	0.010930473470255116
0.0061698140064411836	0.009965883374624666
0.007472357800030734	0.008834442365942637
0.008608137162128751	0.007559699614392465
0.009559091548076513	0.006167580505801763
0.010310887369308668	0.004685949094922833
0.010853150710106112	0.0031440690716664785
0.011179618887374593	0.0015720072832303479
0.011288208510363093	-8.0797456399051e-15