-0.948683298050514	-1.0488088481701514
-1.0039925277486648	-0.1408621723612699
-1.0080727613902527	0.031954738391623674
-1.001296673196279	0.07040288736811144
-0.9921112695495916	0.07891780267262097
-0.9823913073134218	0.08081530968064772
-0.9725519088071701	0.08124030943555086
-0.9626858713296195	0.08133343940464595
-0.9528142271561297	0.08135062241928405
-0.9429418233387636	0.08135006961083004
-0.9330698063264644	0.08134520444963322
-0.9231984646167488	0.08133916426599269
-0.9133278859152564	0.08133268100601466
-0.9034581104036189	0.08132593990363746
-0.8935891674771211	0.08131896740998094
-0.8837210846869893	0.08131176192282474
-0.873853890573945	0.0813043030721897
-0.8639876152346413	0.08129662501316932
-0.8541222874830185	0.0812887021654474
-0.8442579394340323	0.08128046969070954
-0.8343946046239523	0.08127199685015679
-0.8245323173156992	0.08126322447345741
-0.814671114211797	0.08125411358894959
-0.8048110332923498	0.08124470439383807
-0.7949521133575441	0.08123499403970146
-0.785094395855064	0.08122490181613039
-0.7752379259966743	0.08121442368380712
-0.765382748593753	0.08120356364167167
-0.7555289110049185	0.08119232587156555
-0.7456764626675438	0.08118069059620651
-0.7358254562629732	0.08116859858988983
-0.7259759488478038	0.08115600165385974
-0.7161279979110198	0.08114290434717242
-0.7062816643925365	0.08112929691802032
-0.6964370123873144	0.08111516120773248
-0.6865941094388541	0.08110047383510184
-0.6767530282116773	0.08108515084148708
-0.6669138429251431	0.08106919643129633
-0.6570766323029489	0.08105257524590495
-0.6472414786308412	0.0810352934844572
-0.6374084706493353	0.08101726222102952
-0.6275777023679248	0.08099843824659025
-0.617749272660133	0.08097877635403754
-0.6079232856949806	0.08095821566882014
-0.5980998519644775	0.08093670981264861
-0.5882790756714246	0.08091420702812221
-0.578461097559244	0.08089064033411543
-0.5686460450768193	0.08086595951883686
-0.5588340605993133	0.08084008249440622
-0.5490252948014609	0.08081296175840773
-0.5392199043708786	0.0807843753521389
-0.5294180486330192	0.08075462540654658
-0.5196199140304859	0.08072312138547735
-0.5098256938127185	0.08069006145530058
-0.5000355921242137	0.08065523190583496
-0.4902498276752467	0.08061855540254917
-0.4804686333914274	0.08057989401884615
-0.4706922600944671	0.08053908813954053
-0.4609209766763767	0.08049598434380104
-0.45115507111793307	0.08045042297330907
-0.4413948525932657	0.08040222318387062
-0.4316406535552115	0.08035118764647046
-0.42189283415617934	0.0802970421591865
-0.41215177731578323	0.08023964242435677
-0.40241790154833545	0.08017874675816129
-0.3926916553069697	0.08011390146753573
-0.38297351916747285	0.08004488317982995
-0.37326402169061224	0.07997146025614082
-0.36356373633661543	0.0798931667767042
-0.353873273376651	0.07980949223436813
-0.3441933073749894	0.07972004134779777
-0.33452457003018715	0.07962430787995205
-0.32486785735522494	0.07952172767780265
-0.3152240339954793	0.07941177955802643
-0.30559404821548347	0.0792936095113872
-0.2959789389655717	0.07916648391073354
-0.2863798412323206	0.07902956485689812
-0.2767980030642255	0.07888186566785804
-0.26723479318079296	0.07872239947996568
-0.2576917160182887	0.07854987903605344
-0.24817042401921485	0.07836307567252236
-0.23867274922730597	0.07816041643774332
-0.22920071201003733	0.07794026559248368
-0.21975654642354084	0.07770075116568845
-0.21034272749013133	0.07743977098315902
-0.20096200042419554	0.07715496444442059
-0.19161741432215695	0.0768436781321572
-0.18231235983025415	0.07650292996195399
-0.17305061188478302	0.07612936468674907
-0.16383637787353855	0.07571919904296424
-0.1546743521527571	0.07526822406950318
-0.14556977258168502	0.07477159919164555
-0.13652849904292672	0.07422397152814932
-0.127557078476039	0.07361932310074264
-0.11866283257483903	0.07295090492985636
-0.10985394985259891	0.0722111898777636
-0.10113958218412858	0.07139176637777477
-0.09252995721247537	0.07048334514596637
-0.08403648896598537	0.0694756582473884
-0.07567189579696809	0.06835746901191404
-0.06745031879115297	0.0671165600016926
-0.0593874376462617	0.06573981865725675
-0.05150057504441599	0.06421332396794788
-0.04380878276199525	0.06252253889201251
-0.03633289826091987	0.06065256657416975
-0.029095559094468506	0.05858877315756518
-0.02212115154836661	0.05631706104018341
-0.015435694642704232	0.05382476519635657
-0.00906662005159963	0.05110143835355306
-0.0030424402829921497	0.048139872954886025
0.0026077094251562493	0.044937174780823694
0.007854666421813034	0.041496017460654254
0.012669976649713097	0.037825543327389785
0.01702673964262115	0.03394236407414145
0.020900554843590224	0.029871123868134994
0.02427050978547019	0.025644643234109157
0.027120153614876498	0.02130351312450106
0.02943838595011258	0.016895116873302522
0.031220192383107775	0.012472051083242267
0.032467157246288826	0.008090121235512775
0.03318771699654235	0.0038060398988468444
0.033397125917500235	-0.0003249294200588347
0.03311714298962171	-0.004251187850907296
0.03237547330048828	-0.007926599848846382
0.03120501930925264	-0.011311815438203913
0.029643007550272323	-0.014374964217096223
0.02773006761549576	-0.01709192615201569
0.0255092967664139	-0.019445917877259866
0.023025420752906596	-0.02142687117114116
0.020324018273599156	-0.023030607214747773
0.017450865459897075	-0.02425788487848978
0.014451392879804167	-0.025113510675500158
0.011370243361820548	-0.02560554093043245
0.008250915989694926	-0.025744685213276903
0.005135471390218558	-0.025543872281523012
0.0020642796318394545	-0.02501802091798664
-0.0009242155451285539	-0.02418395862922954
-0.0037937309073575176	-0.023060478627481527
-0.006510389722867641	-0.02166847461081964
-0.009042986783555976	-0.020031104980284358
-0.011363272988724141	-0.018173916402743198
-0.013446239616144003	-0.01612490593699479
-0.015270437367698559	-0.013914498366383459
-0.016818233887618085	-0.011575293493325447
-0.01807607440781175	-0.009141747718419281
-0.019034670970376047	-0.006649653393203761
-0.019689127071172492	-0.004135471335524752
-0.020038976328912234	-0.0016356096946151236
-0.020088129485009626	0.0008143317510347182
-0.01984472748816701	0.0031803477535224576
-0.019320904787961675	0.005430734091700035
-0.01853247423238783	0.007536669811979923
-0.017498549099578754	0.009472648175831915
-0.016241119980345938	0.011216802899862134
-0.01478460151553048	0.01275103227223063
-0.01315537534907519	0.014061037314543416
-0.011381331890959504	0.015136226297257294
-0.009491429711853143	0.015969556309539026
-0.007515276978008584	0.01655732799193783
-0.005482738770943153	0.016898971307467137
-0.003423569689374346	0.016996843447074632
-0.0013670703140750038	0.016856043624701566
0.0006582364734385543	0.016484266904657156
0.0026249129223535786	0.01589168211348698
0.004506901384127627	0.01509085188909495
0.006279807996575239	0.01409662485476027
0.00792117567268105	0.012926052472544887
0.009410744447468726	0.011598268194126665
0.010730695161932967	0.01013432673609364
0.011865870396415032	0.008556994230058727
0.012803965571304199	0.006890471465154733
0.01353568346737992	0.005160078594814438
0.014054841356185219	0.003391756773865222
0.014358430865566974	0.0016117794613483357
0.014446621380554255	-0.000153819333741837
0.014322706348939236	-0.001879670595258619
0.013992993948535468	-0.003541530997565176
0.013466645175264608	-0.005116695231709376
0.012755467905159135	-0.006584312708156382
0.011873662612337776	-0.007925791406377133
0.010837551632821437	-0.009124849837594401
0.009665276832593087	-0.01016777384283294
0.008376486291905244	-0.011043458408759293
0.006992015499838692	-0.011743442117192547
0.0055335675504210174	-0.01226187749203244
0.004023398850452143	-0.012595486112457895
0.002484011920463497	-0.012743482091939779
0.0009378568222917802	-0.012707495942058764
-0.0005929562558198618	-0.012491486633695356
-0.0020869342506329705	-0.012101651074807556
-0.0035234670684315354	-0.011546328897286219
-0.0048830827975505356	-0.010835913461800796
-0.006147688593265022	-0.009982724863605422
-0.007300797573387022	-0.009000884340961232
-0.008327737588816232	-0.007906149930055402
-0.009215838632918466	-0.006715725501612758
-0.009954594729949884	-0.005448031599461296
-0.010535796007298412	-0.004122442654097811
-0.010953626886558807	-0.0027589918937593167
-0.011204726921388465	-0.00137805438845819
-0.011288212237632034	2.2666601668525077e-18