-0.025639386432169398	1.4139811246559013
0.034123488110756946	0.6794548658572483
0.06814190512885897	0.44423786811558946
0.09179772231027007	0.3258907598842521
0.1096710339432112	0.2526761594046439
0.12373810422755144	0.20142178526374718
0.13502742419881625	0.16246174641249522
0.14414319951567145	0.13111579119162958
0.1514746985646921	0.10489352239397542
0.15729328113455066	0.08238322847716385
0.16180194462755407	0.06274530200578748
0.16516222801521277	0.0454583664404143
0.16750928831260015	0.030180387302409586
0.16896044908249175	0.016671108955544973
0.16961998387322919	0.0047465648173217285
0.16958175968547617	-0.005746479122429494
0.16893067273244466	-0.014944308751272384
0.16774345883011052	-0.022973221151047905
0.16608921962963985	-0.02995224951850084
0.16402984363888065	-0.035993787369233046
0.16162043106700702	-0.0412032180100642
0.15890974986164508	-0.04567826949854125
0.15594073036198602	-0.04950850829295543
0.15275098721491967	-0.052774927963299766
0.14937334882142309	-0.055550160796278045
0.14583638032573518	-0.05789850017424906
0.14216488492776455	-0.05987646014992849
0.13838037236203013	-0.061533320188571224
0.1345014895623191	-0.06291178670655895
0.13054440968221503	-0.06404865668683582
0.12652317785360045	-0.06497548336675477
0.12245002483398165	-0.06571916604014444
0.11833562397749019	-0.06630272488433502
0.1141893368634695	-0.06674554794686391
0.1100194101537052	-0.06706394620456808
0.10583315169933433	-0.06727174249634918
0.10163708347714509	-0.06738052469019974
0.09743706946946158	-0.06739987818496246
0.09323842604094068	-0.06733773689197403
0.08904601862749716	-0.06720069438946609
0.08486434409941246	-0.0669940843198434
0.08069760013694839	-0.0667221746431375
0.07654974497140077	-0.06638834954905083
0.07242455105087232	-0.06599526768993262
0.06832564908856834	-0.06554480616862222
0.064256568533018	-0.06503839184674906
0.060220765549428824	-0.06447689067511701
0.05622165667595205	-0.06386076988807457
0.052262641635240636	-0.063190113276429
0.048347124335886296	-0.062464704224921924
0.04447853046869684	-0.06168406788409743
0.04066032221452461	-0.06084751171213977
0.03689601016519863	-0.05995417771845476
0.03318916260334034	-0.05900308403490191
0.029543412014526666	-0.05799315834305285
0.02596245935258574	-0.05692328159905103
0.022450075678758882	-0.05579232921745846
0.019010101268087335	-0.05459921251895497
0.015646442148525834	-0.05334291791000175
0.012363063822955099	-0.05202255812089852
0.00916398241945966	-0.0506374023090391
0.006053252830627843	-0.049186939621146744
0.0030349545857173517	-0.04767091057555968
0.00011317394115289148	-0.046089350019797595
-0.002708015789313062	-0.04444265787004677
-0.005424577279204183	-0.04273159652581736
-0.008032535190702923	-0.04095738267274425
-0.010528003115360954	-0.03912168776423973
-0.012907214571140888	-0.03722666704071663
-0.015166554665105617	-0.03527504626239893
-0.017302592873979995	-0.033270033019348125
-0.01931211837276358	-0.03121542610006282
-0.021192172732828963	-0.02911559844804507
-0.022940087797496872	-0.026975416855086688
-0.024553513439095422	-0.024800267483363246
-0.026030453609935025	-0.02259609046309192
-0.02736929480481309	-0.020369232131598396
-0.028568832061544022	-0.018126446336520056
-0.029628292021592718	-0.01587482108702942
-0.030547351700942568	-0.01362170889810222
-0.03132615253143178	-0.011374647945214318
-0.03196530986096135	-0.009141294486658331
-0.03246591662686086	-0.006929303528823011
-0.03282954233045793	-0.004746294559257289
-0.03305822652142975	-0.0025997401385834187
-0.03315446767191218	-0.0004968809653663745
-0.033121206941553655	0.0015553392317472743
-0.03296180797532385	0.0035503158748474966
-0.0326800329552907	0.005481866131645402
-0.03228001486223158	0.007344274157119895
-0.031766228808778475	0.009132287957172353
-0.031143459580398287	0.010841212341334382
-0.03041677085872925	0.012466826749162708
-0.029591468937559685	0.014005499801147746
-0.028673073955080976	0.015454092073083516
-0.027667282078146338	0.01680997723104108
-0.026579939735124583	0.018071073338498358
-0.025417008022304677	0.019235672025329106
-0.02418453884585896	0.020302641880559538
-0.02288864529597769	0.021271102929193614
-0.021535478505044083	0.022140711572393744
-0.020131205540986602	0.02291132561267832
-0.018681987282067762	0.02358322423131057
-0.017193962792266464	0.02415689093595335
-0.01567322967050574	0.024633103032631543
-0.01412583209555207	0.025012845441202514
-0.012557745423390136	0.025297305977715928
-0.010974866201981293	0.02548783465880278
-0.00938299920765663	0.02558603439452029
-0.007787847110193604	0.025593550969613518
-0.006195006907855551	0.02551216707098731
-0.004609955115249139	0.025343924060963304
-0.003038040732991946	0.025090900670693146
-0.00148447798302926	0.02475533373458198
0.0000456625166356701	0.024339596337318158
0.0015474622956837298	0.02384620037658324
0.0030161640145615863	0.0232778068805558
0.0044471803295581674	0.022637211139171175
0.00583610328407458	0.02192737521306802
0.007178714299291964	0.02115141546200815
0.008470994085759692	0.020312617320499052
0.009709133457341758	0.01941442601347526
0.010889543290912669	0.018460477602034217
0.01200886591328882	0.017454546967035627
0.013063985372802293	0.016400623261939324
0.014052037424794071	0.015302804401085793
0.014970420381220676	0.014165397026983377
0.015816804260824557	0.012992826324011119
0.016589139316264934	0.011789656807830472
0.0172856638949318	0.0105605678608578
0.01790491124998236	0.009310338986874677
0.018445714795799883	0.008043816993631884
0.018907212178989316	0.006765921847784383
0.01928884846324548	0.005481587249715739
0.019590375224181444	0.004195721103973322
0.01981185120208646	0.002913268462607824
0.01995363984169667	0.001639042432084994
0.020016402938343395	0.0003778343162617016
0.020001098226027775	-0.0008657006212992582
0.019908967393901168	-0.0020870603149667987
0.019741530870697688	-0.0032818434368782202
0.019500574285968575	-0.0044459213889615256
0.019188137516871085	-0.005575264556313439
0.018806502774582866	-0.006666153099605422
0.018358177381180923	-0.00771504164746686
0.01784588326449329	-0.008718643664148382
0.017272536530184537	-0.009673962499997739
0.016641235093098453	-0.010578195853377815
0.01595524158424381	-0.011428844765513172
0.015217966133989132	-0.012223683412400765
0.014432950037009819	-0.012960708183159704
0.013603850921781522	-0.013638224314597758
0.012734423766183993	-0.014254753790083433
0.011828508786564676	-0.014809090894776054
0.010890012188583136	-0.015300268016242197
0.009922895080791397	-0.015727542141744374
0.008931155385331012	-0.01609042515884762
0.007918817025979186	-0.016388611549151003
0.006889913755016592	-0.01662205545972656
0.005848478172962772	-0.016790865424260264
0.004798527626104315	-0.016895402256662792
0.0037440529438862186	-0.01693616705918384
0.0026890061454776897	-0.01691389788788283
0.0016372890779684506	-0.016829466063257414
0.0005927424814839568	-0.016683965722224074
-0.0004408655142932112	-0.016478622864040764
-0.0014598491972544082	-0.01621487008585165
-0.002460616827512944	-0.015894270447321637
-0.003439679328055542	-0.015518579951186828
-0.004393662249559833	-0.01508969532389843
-0.005319314094546843	-0.014609687457130328
-0.0062135169340001494	-0.014080754093082433
-0.007073295268741356	-0.013505280473638234
-0.007895825509291857	-0.012885750851039383
-0.008678445042034908	-0.012224841143158726
-0.009418659994693013	-0.01152530777303317
-0.010114154751464134	-0.010790082984105177
-0.01076279769896114	-0.010022181160505112
-0.011362650748967494	-0.00922474332625662
-0.011911972788850506	-0.00840100833335563
-0.012409228664943886	-0.0075542921820042
-0.012853092049965079	-0.006688009867666661
-0.013242450312376293	-0.005805601990978589
-0.013576408281873148	-0.004910577078016359
-0.013854289410099653	-0.0040064802576643445
-0.01407563849684583	-0.003096839835650957
-0.014240222118752064	-0.002185227627410905
-0.014348024669650093	-0.0012751268524407145
-0.014399251673030905	-0.00037007200641340484
-0.014394323788871514	0.0005265240072889709
-0.014333874394935537	0.0014112862772619778
-0.014218743822224109	0.002280922142596657
-0.014049973949861051	0.003132244417361052
-0.013828801762685028	0.003962192141198542
-0.013556651981310161	0.004767831673140723
-0.013235129232543191	0.0055463244028909064
-0.01286600761982251	0.0062950271679892665
-0.012451222741108223	0.007011429585165567
-0.011992861585542518	0.007693185035808735
-0.01149315080660139	0.008338138918470123
-0.010954451150103323	0.00894427190999916