0.447213595499958	-1.3416407864998738
0.3734562716930912	-0.5103015228390869
0.3373860519576515	-0.305915098876892
0.3138408310499569	-0.21585968519678678
0.2964185368156582	-0.16715030521693666
0.2824824171894671	-0.13797203279440584
0.2706980685157389	-0.11941190515858734
0.2603095388018252	-0.10712824703137937
0.2508579640406042	-0.09876007048000744
0.24205186402470658	-0.09292599732233664
0.23370013997560082	-0.08877568416597657
0.22567460537465178	-0.08576598265109292
0.2178878016425513	-0.08354025786752366
0.21027929661492523	-0.08185915484554292
0.20280695308919464	-0.0805591535003207
0.19544122604403452	-0.07952680449268594
0.18816136177267806	-0.078682322543008
0.18095283069843734	-0.07796882880771838
0.17380556751677498	-0.07734522325771745
0.16671275475378858	-0.07678138799075028
0.15966997314836334	-0.07625486950943994
0.15267460689213688	-0.0757486229946427
0.14572542405597005	-0.07524940086433901
0.13882228130505814	-0.07474663758549858
0.13196591683144251	-0.07423164017706173
0.12515780468908883	-0.07369701915212708
0.11840005684009727	-0.07313624964154801
0.11169535759868328	-0.07254337658681174
0.10504692284037098	-0.07191277849766316
0.09845847540612068	-0.07123900758438939
0.09193423874554897	-0.07051664644713611
0.08547893637542642	-0.06974022387210807
0.07909780044763359	-0.06890414922765412
0.0727965855800657	-0.06800265531247944
0.06658158581030908	-0.06702978380533858
0.06045965299108289	-0.06597937237867643
0.05443821505194435	-0.06484506946382762
0.04852529215590757	-0.06362036722866984
0.04272950907809892	-0.06229865286803938
0.037060100358145394	-0.06087329544078366
0.03152690832225568	-0.05933774031586215
0.026140369283104255	-0.057685664862643656
0.020911486202251958	-0.05591110762093501
0.01585178409940206	-0.05400872025654084
0.010973247136556548	-0.05197392222503852
0.006288231646933199	-0.049803237513082396
0.0018093591122435998	-0.047494439174816924
-0.002450620592871943	-0.04504697912060305
-0.006478991835841025	-0.0424622312607477
-0.010263257638655661	-0.039743638869512
-0.013791354938408674	-0.03689718453839124
-0.017051882777278628	-0.033931304665882685
-0.020034343639118154	-0.030857201644590444
-0.0227293960227219	-0.027688791634434395
-0.025129102189692706	-0.024442630439645625
-0.027227161066742285	-0.021137703614427312
-0.029019120862831444	-0.01779512441627275
-0.030502557128540303	-0.014437756141866225
-0.03167720800944648	-0.011089656390347058
-0.03254506079239839	-0.00777552544642001
-0.03311038366422125	-0.004520126649932764
-0.03337970390040348	-0.0013476897909297197
-0.03336173069140351	0.0017187020620894908
-0.03306723203714463	0.004657463234421668
-0.03250886646297086	0.007449150177307377
-0.03170098672348145	0.010076461221195421
-0.030659417598380884	0.012524709423907437
-0.02940122776699578	0.014781549005454354
-0.02794448839983084	0.016837533628127302
-0.0263080473991063	0.018685269376830294
-0.024511316303872165	0.02031980402376067
-0.022574068786100538	0.02173820259679115
-0.020516263192899266	0.022939347189256266
-0.018357886324880196	0.02392369849891706
-0.016118818716338287	0.024693069603463777
-0.013818719617047975	0.025250423299904283
-0.011476929488369474	0.025599697674950017
-0.00911238688568884	0.025745667544471357
-0.006743556639030851	0.025693841720736372
-0.004388364598268918	0.0254504015158073
-0.0020641392531483985	0.02502215906679606
0.0002124472254534087	0.02441655913622722
0.0024254375648045078	0.02364169311167912
0.004559650493302408	0.022706335583473472
0.006600745263732476	0.021619984133216034
0.008535289922508078	0.020392900123275534
0.010350833538144553	0.019036136131449735
0.012035980535893635	0.01756159563893304
0.013580464674332396	0.01598184603611455
0.014975218750415298	0.014310486584787754
0.016212460081407837	0.01256165033775438
0.01728573228595517	0.010750161679422802
0.01818997341228089	0.008891383960107265
0.018921551339966945	0.00700103156626842
0.019478292395213235	0.005095037334764342
0.01985949125303762	0.003189347473958388
0.02006590408839011	0.0012997377526918943
0.020099723271489043	-0.0005583806706204491
0.0199645342616951	-0.0023702016558949253
0.01966525493016366	-0.004121600355577177
0.019208061701745133	-0.005799369232794689
0.018600300624462118	-0.007391325306534363
0.017850388136266614	-0.008886409697821096
0.016967703842191977	-0.010274763572407742
0.015962477970895214	-0.011547768643149318
0.014845675934688482	-0.012698067363150208
0.013628882356557584	-0.013719557479135511
0.012324186566501522	-0.014607369324839293
0.010944071145158973	-0.01535782131647813
0.009501304004569965	-0.015968388005606314
0.008008836117728233	-0.016437619489216286
0.006479702829887343	-0.016765096561223453
0.004926931488800554	-0.01695141092863825
0.0033634536299980548	-0.016998073227334945
0.0018020200431329136	-0.01690747116708931
0.00025512046562856897	-0.01668286977304412
-0.0012650932710183795	-0.016328364701986373
-0.0027468826087582456	-0.015848837678803015
-0.004178995069382069	-0.015249952927041248
-0.005550734999503717	-0.014538139631426394
-0.0068520320892449865	-0.01372056227864679
-0.008073507922489774	-0.012805089967787663
-0.009206539838065873	-0.011800257581780505
-0.010243321145515965	-0.010715243808932585
-0.011176916477997097	-0.009559810617628419
-0.012001311997921331	-0.008344224646003661
-0.012711460229441305	-0.007079162620854167
-0.01330331557193637	-0.005775696100090327
-0.01377386069829397	-0.004445137697656508
-0.014121125433300014	-0.0030988919096128337
-0.014344195307621169	-0.0017484093912523589
-0.01444320635673804	-0.00040509506336968977
-0.014419331178425539	0.0009199028811609474
-0.014274755930028409	0.002215797609440296
-0.014012644571345975	0.003472169299798062
-0.013637092541188337	0.004679138584402874
-0.013153074927554912	0.0058274936436328246
-0.012566386330698771	0.006908708917530451
-0.011883572202255251	0.00791497635862036
-0.011111856867207769	0.00883932736798953
-0.010259068563262579	0.009675642801890687
-0.009333560532163132	0.01041864450421361
-0.008344130669404653	0.011063930767434038
-0.007299941717188788	0.011607981177023939
-0.0062104409754743595	0.012048133991243678
-0.005085280860576285	0.012382584957733946
-0.0039342413250117265	0.012610371579352485
-0.002767153566503958	0.012731342175943192
-0.001593825375574989	0.012746140873549623
-0.00042396886679571684	0.012656203195588883
0.0007328695922211929	0.012463698117787048
0.0018673778653099536	0.012171539084709557
0.002970546267042962	0.011783368203033242
0.004033723803836902	0.01130336910435278
0.005048690801338434	0.01073669106859187
0.006007715092085035	0.010088763377903678
0.006903598692985947	0.009365809002180467
0.007729741766771912	0.008574537959452178
0.008480184516436923	0.007722172957128346
0.009149653683473091	0.006816386219441463
0.009733600392175062	0.005865239698593162
0.010228233077415098	0.004877111692716385
0.010630544828647698	0.0038606597909229953
0.010938331815448716	0.002824689975324176
0.011150206337559745	0.001778087216804227
0.01126560147811711	0.0007297675855246417
0.011284766889768367	-0.0003114228009695236
0.011208757956423072	-0.0013368199714001363
0.011039417535202014	-0.0023380208688970516
0.01077934928631523	-0.0033069334435888165
0.010431884342561796	-0.004235793274882308
0.010001045444918416	-0.005117400335214599
0.009491491503171369	-0.005945093405069083
0.008908477561787803	-0.006712617320624367
0.008257801669044659	-0.007414454709931432
0.00754573833243063	-0.008045724041948466
0.006778985735801938	-0.008602141655369726
0.0059646021668781045	-0.009080157895333667
0.005109941240565772	-0.009476896633237754
0.004222590171233873	-0.009790171842082716
0.0033103049173859194	-0.010018499436139592
0.0023809464239277055	-0.010161076803603434
0.0014424180298540001	-0.010217786602301665
0.0005026030297331012	-0.010189179858800758
-0.00043069630556728594	-0.010076463826460876
-0.0013498183850444827	-0.009881485532807367
-0.0022473003947513655	-0.00960671319045148
-0.0031159345737051015	-0.009255215756844978
-0.003948822439319231	-0.008830639989603555
-0.004739426478001997	-0.00833717569715704
-0.005481619841392356	-0.007779561193711983
-0.006169732077509278	-0.007162970369950412
-0.00679859312138709	-0.006493057868140439
-0.007363570208001581	-0.005775893818891834
-0.007860604293526278	-0.005017838880511674
-0.008286240698331171	-0.004225616488934091
-0.00863765132937666	-0.0034061902295844868
-0.00891265700623804	-0.002566631984468485
-0.009109740980485625	-0.0017142227978059206
-0.009228053764603334	-0.0008562667323548624
-0.009267418763030302	1.7787637682231683e-14