-0.12038837335163409	1.4090800681938733
-0.06528596867977464	0.7191957681427311
-0.032605831285288614	0.48350333843075927
-0.009272213276562472	0.3641569735876523
0.008873735400234178	0.2915562811612038
0.023685337595132472	0.24223718088696558
0.03614464079753591	0.20609431162753264
0.04683092116720741	0.17807069946610715
0.056111894835513224	0.15536472774311083
0.06423392501783189	0.13630791520079857
0.07136921426549095	0.11985236708675544
0.07764249970947673	0.10531392644848817
0.08314711669993875	0.09223388795845032
0.08795513355097324	0.08029853961369816
0.0921240084510951	0.06929160632674934
0.09570108876978825	0.05906264974866612
0.09872670146393774	0.04950773702593807
0.10123631747396702	0.04055489119281315
0.10326204893207161	0.03215417717698888
0.10483367895416768	0.0242710284096085
0.10597935691527112	0.01688074481371409
0.10672604238661586	0.00996479940887101
0.1070997596859815	0.0035079303720481334
0.10712573715743352	-0.0025035358815407183
0.10682844854291501	-0.008083101102726342
0.10623159995520462	-0.013244861825661395
0.10535808418691328	-0.01800391723826734
0.10422992040544087	-0.022376497138953327
0.10286819230306682	-0.026379895255097464
0.10129299356095606	-0.030032275760718437
0.09952338606250494	-0.03335241155668201
0.09757737372025671	-0.03635939939167616
0.09547189254444027	-0.03907237389384497
0.09322281653603914	-0.04151023120421357
0.09084497754798376	-0.043691400775416486
0.08835219715393144	-0.04563364759803861
0.08575732831071761	-0.04735390668932711
0.08307230463972731	-0.04886818619925112
0.08030819428715122	-0.05019148552687848
0.07747525802991956	-0.05133775698514027
0.07458300844985982	-0.05231986867723803
0.07164026922283043	-0.05314962967578258
0.06865523432273218	-0.05383782268982223
0.06563552494544912	-0.05439422795070834
0.06258824379931556	-0.05482764020586871
0.05952002614598737	-0.055146010609186946
0.05643709296411569	-0.05535630483813263
0.05334529081935688	-0.05546491952838228
0.05025013721110261	-0.05547738274456052
0.04715685587741793	-0.055398548553265425
0.044070416392866706	-0.05523273113911463
0.04099556492602538	-0.05498368300558712
0.03793685306749595	-0.05465464910906042
0.03489866369836996	-0.054248439003754485
0.0318852335103065	-0.05376743138898506
0.02890067521996147	-0.053213731463673704
0.025948993337092725	-0.052589124726665853
0.023034099772892058	-0.051895149776389975
0.02015982693071064	-0.05113312893100344
0.01732993677294425	-0.05030425709061109
0.014548129828912487	-0.049409571981717394
0.011818050220946794	-0.04845004155966634
0.00914328941026244	-0.04742660521429113
0.006527387386552866	-0.04634018661581073
0.0039738319450191425	-0.04519171556587722
0.001486055810693913	-0.043982244539104966
-0.0009325682079489458	-0.04271288576023185
-0.0032787333326575207	-0.04138489385960986
-0.0055492071534377066	-0.039999686003153324
-0.007740841567779461	-0.038558871920959976
-0.00985058444952893	-0.03706428675701405
-0.011875491941016399	-0.03551798189657073
-0.01381274222550415	-0.03392228279077226
-0.01565965062912258	-0.03227977679319282
-0.01741368485053398	-0.030593352454771794
-0.019072481094268318	-0.028866153529676176
-0.02063386055194044	-0.027101658604963694
-0.022095844592027118	-0.025303600967647173
-0.023456672068126315	-0.02347598256602359
-0.024714812218653653	-0.021623113392591906
-0.0258689811210287	-0.019749505597062626
-0.0269181531221343	-0.017859898235537092
-0.0278615725314499	-0.015959222394928876
-0.028698763136206108	-0.014052567583066163
-0.02942953603347205	-0.012145140313459871
-0.030053994175462867	-0.010242190459169834
-0.0305725374963193	-0.008349101678051828
-0.03098586370523636	-0.006471130425935218
-0.031294961195299	-0.004613528624619957
-0.03150111454489844	-0.0027815125054763924
-0.03160588983126144	-0.0009800957225436526
-0.031611133231569104	0.0007858250665772515
-0.031518954854028496	0.002511587762867069
-0.03133172133303059	0.004192740634355963
-0.031052038748648515	0.005825103248680192
-0.030682739727844462	0.00740476705923193
-0.030226866228735674	0.008928129937902204
-0.029687652836457464	0.010391878539062753
-0.029068510305429347	0.011793039130309298
-0.02837300608135114	0.013128938731653368
-0.027604847743696953	0.014397242487129229
-0.0267678652664337	0.01559590226109752
-0.025865993215900152	0.016723188951250936
-0.024903255078725522	0.017777674377414066
-0.023883746143479802	0.01875818522447501
-0.022811619656354677	0.019663845854215687
-0.021691068912311824	0.020494041170167725
-0.020526318941774195	0.021248283393411116
-0.01932161144347687	0.021926448880180582
-0.018081192487219008	0.022528526187099728
-0.016809302692735922	0.02305470091206038
-0.015510167331051386	0.023505328444783893
-0.014187987410620804	0.023880916262380963
-0.01284693143603604	0.024182127962156925
-0.011491127801636795	0.024409742990890416
-0.01012465794592036	0.024564660163258416
-0.008751549974432175	0.02464789026767019
-0.007375772595490985	0.02466054971794007
-0.006001229467341509	0.024603854228095447
-0.0046317537683393676	0.024479114400122674
-0.003271102922274383	0.024287734405765492
-0.001922953473626649	0.024031209899822867
-0.00059089596116613	0.023711129410349568
0.0007215703063433269	0.023329172603615392
0.002011042374478688	0.022887116281861613
0.0032742190010996	0.022386830956573213
0.004507906149846548	0.02183028721127632
0.005709022501611566	0.021219557358440232
0.0068746051903318065	0.02055681745411588
0.00800181581902611	0.019844349099604072
0.009087946129789337	0.01908454025164498
0.010130424052987289	0.0182798862627526
0.011126820265072621	0.01743300309374137
0.012074853475155212	0.01654658752784902
0.012972396717316238	0.01562347180463436
0.013817483116362238	0.014666560624963266
0.014608311082134907	0.013678878558147433
0.015343250006763535	0.012663522129710999
0.016020844467656302	0.011623682666863065
0.016639819215498015	0.010562615015870436
0.017199082146727773	0.00948364329228059
0.017697728689846114	0.008390144482072577
0.018135042783554225	0.0072855184557664085
0.01851050006286145	0.006173216995594597
0.01882376831745302	0.005056683627336205
0.019074706558368473	0.003939327168160005
0.019263365501928406	0.002824608662973262
0.019389986644632786	0.0017159017463728298
0.019454998700116462	0.0006165424376114543
0.01945901476992533	-0.0004701982008000419
0.019402828317248218	-0.0015411268063109933
0.01928740837410987	-0.002593148008216466
0.019113893743552334	-0.0036232635220271444
0.018883587618062345	-0.0046285938845850895
0.018597949576926065	-0.005606407866437047
0.018258588430978436	-0.006554078670127991
0.01786725563259712	-0.00746914101614565
0.01742583522075144	-0.008349288182785462
0.016936336643115387	-0.009192344733984167
0.016400885300538837	-0.009996325159677888
0.01582171343021285	-0.010759382544940873
0.015201151615864312	-0.011479845642433139
0.014541618935965542	-0.012156205701369988
0.013845614419718842	-0.012787110804701364
0.013115707568966663	-0.013371382893839509
0.012354529575256797	-0.013907987082903799
0.011564764753716051	-0.014396059798989811
0.010749141215896983	-0.014834884612445757
0.009910423101312143	-0.01522389169736268
0.009051402577330244	-0.015562645174936041
0.00817489131409808	-0.01585088230294099
0.007283712507027958	-0.01608844518893354
0.006380694020803564	-0.016275332204867862
0.005468660578688893	-0.016411650620993076
0.004550426948713036	-0.016497653300376856
0.0036287908511718064	-0.016533696328671837
0.0027065263081184586	-0.016520272431685062
0.0017863770935562465	-0.01645797458634498
0.000871050226427959	-0.016347523823350047
-0.000036790111001236765	-0.01618973894234606
-0.0009345289779406952	-0.01598556037028799
-0.0018196064065883729	-0.01573602395764562
-0.0026895235552027662	-0.015442280968845078
-0.0035418484815476097	-0.01510557170364027
-0.004374220984758847	-0.014727262229886497
-0.00518436173958884	-0.01430882037277915
-0.005970072897499645	-0.013851753004454348
-0.006729245503574232	-0.013357746397156027
-0.007459866342891919	-0.01282846925850525
-0.0081600197541372	-0.01226584727866632
-0.00882789553672029	-0.011671695375032386
-0.009461793338529253	-0.011048079156192023
-0.010060124346537079	-0.010397052998068446
-0.010621419766322688	-0.009720733743447599
-0.011144330943356269	-0.009021397251580014
-0.01162763501171854	-0.008301258523916775
-0.012070237889397845	-0.007562691115919446
-0.012471177043099232	-0.006808060109059334
-0.012829623853030166	-0.006039796010475669
-0.013144884853317058	-0.005260312052658531
-0.01341640786499874	-0.004472135954999577