-1.4142135623730951	1.731945207909813e-16
-1.4055074358491326	0.07650734723931146
-1.3926641995747737	0.08119766952978318
-1.3795665205627976	0.08148836678383797
-1.3664532219537036	0.08150447590357493
-1.3533393254235397	0.0815029514537562
-1.3402258115419998	0.08150019156862222
-1.3271127572428327	0.08149726925870326
-1.3140001849303693	0.08149421788475997
-1.3008881049926222	0.0814910738284385
-1.2877765332530373	0.08148790886548779
-1.2746654870392853	0.08148466182993913
-1.2615549719379044	0.08148124219039796
-1.2484450102010065	0.08147777034013416
-1.23533561767743	0.08147416416198018
-1.2222268160491807	0.08147043828361737
-1.2091186227798973	0.08146659214706574
-1.1960110586894148	0.08146261947589896
-1.1829041432600145	0.081458527634731
-1.1697979007108648	0.08145424972282579
-1.1566923569961316	0.0814498569692896
-1.143587526359505	0.0814453804290593
-1.130483428547985	0.0814407185334713
-1.1173801012796543	0.0814358361367442
-1.1042775643155922	0.0814308884864482
-1.0911758426071376	0.08142567175633958
-1.078074975437565	0.08142030845890234
-1.0649749801353678	0.08141478870792225
-1.0518758994067605	0.0814089693062126
-1.0387777633504598	0.08140305021534487
-1.0256806003257182	0.08139682928970014
-1.012584457887206	0.08139041775578079
-0.9994893636031092	0.08138373565086464
-0.9863953698787358	0.0813768010509096
-0.9733025071636514	0.08136960689767532
-0.9602108331989627	0.08136209143048874
-0.9471203826224728	0.0813543319245065
-0.9340312174995802	0.08134617360305317
-0.9209433790262737	0.08133778961620111
-0.907856928507798	0.0813289431679295
-0.8947719245231721	0.08131981326456973
-0.8816884214154568	0.08131025779902537
-0.8686064911668234	0.08130027401947076
-0.8555262012526592	0.0812898584885192
-0.8424476253081642	0.08127896639497904
-0.8293708416033635	0.08126757541607563
-0.8162959328947453	0.08125565374804158
-0.80322298692017	0.081243177180533
-0.7901520943449164	0.0812301208712343
-0.7770833549794481	0.08121640485017079
-0.7640168729592729	0.08120206684217274
-0.7509527717278492	0.0811870063808288
-0.7378911389562762	0.08117115558183377
-0.7248321181259031	0.08115454278008781
-0.7117758434519651	0.0811370079810529
-0.6987224613242131	0.08111856911821354
-0.6856721258873115	0.08109913193701743
-0.672625006680072	0.08107861053121744
-0.6595812784051813	0.08105688423425675
-0.6465411337470194	0.08103411941743319
-0.6335047727977813	0.08100982128274808
-0.6204724206126443	0.08098425918882263
-0.6074443060255743	0.08095720082407419
-0.5944206769659336	0.08092838659123416
-0.5814018262337616	0.0808978167041701
-0.568388050699362	0.0808652857821096
-0.555379678660235	0.080830596908535
-0.5423770530069459	0.08079385276976513
-0.529380550610088	0.08075445258458387
-0.5163905949541263	0.08071241320513364
-0.5034076370556735	0.08066743487673642
-0.4904321681892624	0.08061926682862422
-0.47746472808452656	0.08056759365438487
-0.4645059069380601	0.08051207088227497
-0.45155635126880656	0.08045235526509129
-0.43861677301897484	0.08038795199462745
-0.42568795636464074	0.08031848556142207
-0.41277076241063865	0.08024340560648055
-0.3998661440567283	0.08016211146610873
-0.38697515597241766	0.08007390698990598
-0.37409896994938197	0.07997802999760212
-0.3612388821998354	0.07987357756478876
-0.3483963484993319	0.07975959389175638
-0.3355729903996252	0.07963497772018735
-0.3227706148131035	0.07949855465799746
-0.30999125629542096	0.07934865379476755
-0.29723720618724964	0.079183669044942
-0.2845110466987865	0.07900163538195404
-0.27181569057869437	0.07880036304640023
-0.2591544363544642	0.07857726706667696
-0.24653103719904226	0.07832930080540453
-0.23394976297077164	0.07805301911050516
-0.22141548818432893	0.07774436849771675
-0.20893378975473964	0.07739863360053999
-0.1965110649337466	0.07701033063123203
-0.18415466840313433	0.07657299435627449
-0.17187307188081885	0.07607920929647635
-0.15967605317031955	0.07552009884840782
-0.14757492392310975	0.07488544245727985
-0.13558277949961284	0.07416323745669215
-0.123714799969764	0.07333955273929099
-0.11198858778709138	0.07239814580135845
-0.1004245566239656	0.07132026002930374
-0.08904635727183051	0.0700843959856242
-0.07788133819098303	0.06866606407298412
-0.0669610290154715	0.0670377801148583
-0.05632161691441641	0.06516918237077729
-0.04600437775397953	0.06302750248115342
-0.03605599429486461	0.06057846854698327
-0.0265286919683087	0.057787779420417476
-0.017480072907446985	0.05462333931629861
-0.00897252978215998	0.05105826357638214
-0.0010721061746243332	0.04707475042541266
0.006153307414366086	0.04266843660942462
0.012636520436462613	0.037853073894161676
0.018314275786216094	0.03266443392103367
0.023131036794085708	0.027162946173773597
0.02704300401842587	0.021433874420775
0.03002192858691807	0.01558452074401838
0.03205822096742786	0.009738295557933626
0.03316289793561615	0.004026404497321083
0.03336807720247389	-0.001421686732127126
0.03272595000814176	-0.006487290773050923
0.03130643094083634	-0.01106978375417251
0.029193880149206014	-0.0150906840326941
0.02648337032503555	-0.01849529728253761
0.02327697369811805	-0.02125095011082161
0.019680407244534334	-0.023344376119191077
0.01580022461868624	-0.02477782679734987
0.011741610632563045	-0.02556550066564262
0.007606706313782768	-0.025730625334081086
0.0034933274759325495	-0.025303509159241705
-0.0005060830767344047	-0.02432054557522189
-0.004305419788005283	-0.02282414121727161
-0.007825909746506616	-0.02086314280391243
-0.010997198063085153	-0.018493439967472443
-0.013758525068674907	-0.015778405390789528
-0.016059926500559606	-0.01278893084083895
-0.017863391649362455	-0.009602350208196268
-0.019143783372957465	-0.006301049708458297
-0.01988944997454703	-0.0029698198523070173
-0.02010238872174018	0.00030701391735763535
-0.019797910147225053	0.003448783513549462
-0.019003808174356235	0.006381438140153393
-0.017759094883870563	0.009039990723788163
-0.01611239578185141	0.011370086434904874
-0.014120159197590266	0.013328933148321103
-0.011844775011350343	0.014885431522795187
-0.009352723789561363	0.01601973032876767
-0.0067128254955256044	0.01672246631345477
-0.003994619971141962	0.016993903610143895
-0.0012668841547087955	0.016843139739320445
0.0014037298258380519	0.01628739426346784
0.003953963702572258	0.015351557060700545
0.006325151906167903	0.014067769079990047
0.00846436051555469	0.012475069566674182
0.010325459163050324	0.010618884811838343
0.011870098971393697	0.008550385125386953
0.013068555485901743	0.006325411752710053
0.013900378392368795	0.004003129920136712
0.014354802064003018	0.001644457211655007
0.014430874799157684	-0.0006898234477722134
0.014137281513731581	-0.002941021775162426
0.01349186487969541	-0.005054314195071952
0.01252087500909609	-0.006980252419385084
0.011257991443501522	-0.008676083157383914
0.00974317603465063	-0.010106585609548194
0.008021421635454006	-0.011244503935924926
0.006141452383744363	-0.012070712776869564
0.004154419305173347	-0.012574139404262745
0.0021126241436624123	-0.01275150565433962
0.00006828894889523625	-0.012607015670481806
-0.0019276203453764858	-0.012152020902122612
-0.0038265008232810428	-0.011404548526955955
-0.005583192365015603	-0.010389100673825319
-0.007156936026818066	-0.009135995909076433
-0.008512289837354086	-0.0076808248204819195
-0.009619917026909267	-0.006063731407910382
-0.010457242882468253	-0.0043284690231789455
-0.011008945882741938	-0.0025212342039787716
-0.011267254627799575	-0.0006894571934773362
-0.011232030200673088	0.0011196567423469783
-0.01091063111458844	0.002860313164152717
-0.01031755428424612	0.004489814181452738
-0.009473879986522271	0.005969208196740098
-0.00840655259860512	0.007264652705431672
-0.00714752346247868	0.008347892482959252
-0.005732798187975628	0.009196820810446983
-0.004201428755199147	0.009795717506049177
-0.0025944763442843194	0.010135326224869467
-0.0009539732807669521	0.010212814720317424
0.0006780994196530605	0.010031619949030762
0.002260803307712438	0.009601221427593619
0.003755192152700975	0.008936846157957149
0.00512520744705869	0.008059096501290752
0.006338506894075457	0.006993469015892514
0.007367209825160086	0.005769830509985561
0.008188538295822284	0.004421608929929396
0.008785332639677729	0.002985056039578255
0.009146425245880337	0.00149823843485111
0.009266850371675841	-2.2215302514227986e-15