0.15797287757226433	-1.4053627894031704
0.10444094592403197	-0.7306930604681998
0.0723100673794798	-0.4948022314096597
0.04922640506200952	-0.374727812216545
0.031172468918074195	-0.30183671840770215
0.016336744774960107	-0.25266730057119136
0.0037510491827431173	-0.2170264671536303
-0.0071598386786421294	-0.1897768388165221
-0.016763291575946887	-0.1680526832584094
-0.025306547999366203	-0.15013245693784072
-0.03296271316629639	-0.13492289799998541
-0.03985682565119594	-0.12169902199905348
-0.04608153271495028	-0.10996439169666321
-0.051707014899966965	-0.09936979741607979
-0.05678751226950488	-0.08966554036394547
-0.06136579515152231	-0.08067070923147542
-0.0654762845081384	-0.07225332673104348
-0.06914731636756899	-0.06431714399995618
-0.07240279349995642	-0.05679229202790558
-0.07526341605240561	-0.04962862905368634
-0.07774760606020181	-0.042790853573699134
-0.079872196408309	-0.03625469180111201
-0.08165294924180859	-0.030004124485508037
-0.08310493268696983	-0.02402904013962626
-0.0842427895042164	-0.018323484902275602
-0.08508091996094584	-0.012884181279783257
-0.08563359465737046	-0.0077094263791391655
-0.08591501339625573	-0.002798180067736695
-0.08593932768210165	0.0018504651214313501
-0.08572062404360664	0.006238048285892378
-0.08527289197396819	0.010366664158911921
-0.0846099796172981	0.014239511623723881
-0.08374553808743969	0.017860739699528474
-0.08269296559999896	0.021235574727926497
-0.081465353414374	0.024370192853152527
-0.0800754362953554	0.027271658098371756
-0.07853554997765386	0.029947723505881357
-0.0768575954706057	0.032406743436650925
-0.07505301422305807	0.03465747483279547
-0.07313276761350807	0.03670894196142024
-0.0711073279480535	0.03857030033497247
-0.06898667665562606	0.04025063569628114
-0.06678030593455972	0.04175900827581345
-0.06449722965796655	0.04310416487459677
-0.06214599582457071	0.04429462818780573
-0.05973470596433081	0.04533850899083727
-0.05727103405192191	0.04624354801054771
-0.05476225084925867	0.047017027578278844
-0.052215246605268606	0.04766578174643063
-0.049636557195875675	0.04819617560270814
-0.04703238833922127	0.048614102790093365
-0.04440864135667098	0.04892500215007621
-0.04177093710832985	0.04913385728321907
-0.03912463999756635	0.04924522841197089
-0.036474880310769515	0.04926326181277153
-0.03382657566062787	0.049191723890263744
-0.03118445083834955	0.049034022646483266
-0.02855305626247481	0.0487932379761322
-0.025936784795535118	0.04847215361950794
-0.02333988699186808	0.0480732827061623
-0.02076648455895937	0.047598906690170494
-0.01822058234419453	0.0470510972751338
-0.015706078301990677	0.04643175819723677
-0.01322677221683248	0.04574264724237809
-0.010786372126430611	0.0449854151191456
-0.008388499851934147	0.04416163173090224
-0.006036693968659181	0.04327281631337181
-0.003734412150728904	0.04232047471501714
-0.0014850308922855482	0.0413061118335081
0.000708155259849616	0.04023128622426937
0.002841936916816173	0.039097599762019805
0.00491319365741304	0.03790677003423254
0.006918899691636582	0.03666059851817212
0.008856130608758324	0.03536105492860887
0.010722070950482663	0.03401023058195584
0.012514023385779722	0.032610417131819426
0.014229417702092198	0.031164070344893158
0.0158658223135059	0.0296738624975988
0.017420953449689316	0.028142654487623334
0.018892688075189443	0.026573519860024448
0.02027907324344834	0.02496976028830008
0.021578340081036484	0.023334865628425044
0.02278891144220735	0.02167249926618284
0.023909413600962586	0.019986566852506864
0.02493868700461957	0.018281110612849604
0.025875793985935855	0.016560333595676054
0.026720026690871493	0.01482857484073264
0.0274709134762426	0.013090281532376865
0.02812822420457709	0.0113499807324091
0.028691973124230514	0.009612215719194484
0.029162421583014853	0.007881642954634832
0.02954007989978319	0.006162825466544973
0.02982569999490425	0.004460236770198131
0.0300202793716888	0.0027784602152774993
0.03012505211546947	0.0011217624156910746
0.03014148465033711	-0.0005055294995821649
0.030071266965004884	-0.0020994084610893304
0.029916303740676255	-0.003655916658534008
0.029678704522225593	-0.005171391666057413
0.029360771692059084	-0.006642330564337205
0.028964989031996666	-0.008065492246111994
0.028494008280390715	-0.009437877939785224
0.02795063626032422	-0.01075671183136434
0.02733782146159218	-0.01201951751027962
0.026658639300930514	-0.01322403970198084
0.025916279021673906	-0.014368300585863601
0.025114030249092485	-0.015450559772435464
0.0242552690082661	-0.01646932007106382
0.023343445534723815	-0.017423338864992036
0.022382071204139334	-0.01831156942454601
0.021374707482583667	-0.019133223200736463
0.02032495164986614	-0.019887699276866577
0.019236431029853358	-0.020574526164551916
0.01811278967355431	-0.021193520338607042
0.016957680118626892	-0.02174460121254839
0.015774754010182437	-0.022227840894930375
0.014567654363377548	-0.02264346843910305
0.013340008264553553	-0.022991856375405326
0.01209542023866717	-0.023273500323283493
0.010837464974817353	-0.02348899382025215
0.009569681905671713	-0.023639044664165196
0.008295569669345295	-0.023724468765834048
0.007018580671718518	-0.02374616819976644
0.005742116102457053	-0.02370514289549122
0.004469521080826529	-0.023602478306423747
0.003204080055556815	-0.023439343683531174
0.001949012386354421	-0.02321698992516699
0.0007074674299604935	-0.02293677330113878
-0.0005174803891228623	-0.022600112743002568
-0.0017228338452657688	-0.02220847283903688
-0.002905678280500327	-0.02176346707207827
-0.004063191273912132	-0.02126686529131404
-0.005192641905461517	-0.02072035102912798
-0.0062913933850948026	-0.020125720200378557
-0.0073569125208289374	-0.019485035670650647
-0.008386774560092179	-0.018800280392818055
-0.009378666790103194	-0.01807358485570165
-0.010330393383587141	-0.017307199486421617
-0.011239880277893034	-0.016503434673866484
-0.012105180812572466	-0.01566467385681351
-0.012924480161350699	-0.014793415326313513
-0.013696099066818915	-0.01389225136288532
-0.014418499744013503	-0.012963825394432364
-0.015090288808698012	-0.012010864303351323
-0.01571022137244481	-0.011036161409412168
-0.016277204414851296	-0.010042568951076797
-0.016790299773925873	-0.009032989986834748
-0.017248726431095204	-0.008010365664061323
-0.01765186265023654	-0.006977670359172246
-0.01799924722044051	-0.005937900237437452
-0.01829058023938626	-0.004894053840403087
-0.01852572298975442	-0.003849131485312847
-0.018704698847494063	-0.0028061432416160432
-0.018827690012815278	-0.0017679721183580816
-0.01889503413438305	-0.0007375777447777554
-0.018907228774825202	0.0002821553014174128
-0.018864920293866393	0.001288495041751225
-0.018768905207214043	0.002278632524374948
-0.018620124899351807	0.0032499946603150036
-0.018419658433122193	0.0042000043662090815
-0.018168721281856384	0.0051262146976427565
-0.017868655894205266	0.0060263133401006145
-0.01752092775180298	0.006898059637697652
-0.017127118314871938	0.0077393765191609174
-0.016688917913440984	0.008548293032297243
-0.01620811926142741	0.009322974311619879
-0.015686610397011035	0.010061714874178113
-0.015126366965402541	0.010762958170295276
-0.01452944511204115	0.011425271281206647
-0.013897974078228209	0.012047364881351724
-0.01323414904888906	0.012628082858754466
-0.012540223553877307	0.013166403267414788
-0.011818502580238859	0.013661442835245566
-0.01107133518628599	0.014112439460034367
-0.01030110768397738	0.014518772250024856
-0.009510236827745261	0.014879931633946955
-0.00870116298237137	0.015195543558712441
-0.007876343748221992	0.015465347369930658
-0.007038247417657602	0.015689196437537162
-0.006189347371981374	0.015867061107435652
-0.005332115095194554	0.015999024826857812
-0.004469015359336573	0.016085269253185153
-0.0036024996087847235	0.01612609471507068
-0.002735000982782107	0.016121889851828004
-0.0018689286618370502	0.016073152671805414
-0.0010066623739850415	0.015980479333576547
-0.00015054841768569213	0.015844522836071132
0.0006971084088107651	0.015666163690809455
0.001534048699810062	0.015446211046378373
0.0023580595432075606	0.01518557661102036
0.0031669826359117187	0.014885410202526317
0.0039587206259750094	0.01454680733627065
0.004731239562910499	0.01417100074167373
0.005482573642177299	0.013759325413767773
0.006210829845375842	0.013313171990936035
0.0069141925705297385	0.012833988639652712
0.007590927809065279	0.012323364166041453
0.008239389317474937	0.011782960011109048
0.00885801491228258	0.011214334190155401
0.009445339575126199	0.010619424254916287
0.010000000000000002	0.010000000000000002