-0.9486832980505137	1.0488088481701516
-0.8822755013985948	0.2589602679148123
-0.85981757881639	0.12483309525720021
-0.8464124516072433	0.09249687785089286
-0.8352530233990738	0.08422843042052723
-0.8246743734435174	0.0820562629917453
-0.8142498221793022	0.08146997905088342
-0.8038675487982568	0.08130374627658414
-0.793497756838824	0.08125041129412469
-0.7831324038098981	0.08122768844346485
-0.7727693120127824	0.08121318049433639
-0.7624079115916037	0.08120068054505505
-0.7520480812015446	0.08118842799143668
-0.7416898288710468	0.08117588326309845
-0.7313332033091902	0.08116291056580296
-0.7209782646529808	0.08114942814822004
-0.7106250807601532	0.08113542233278138
-0.7002737266716952	0.08112078012151168
-0.6899242773064824	0.08110550953676625
-0.6795768133962978	0.081089603812483
-0.6692314200420524	0.08107303637020563
-0.6588881879182397	0.08105577157546881
-0.6485472128868528	0.08103772783869562
-0.6382085972887687	0.0810187900812162
-0.6278724481648789	0.08099907340425962
-0.6175388717144175	0.08097835066241618
-0.6072080005722928	0.0809566786421829
-0.5968799608320643	0.08093394871767674
-0.5865548913337874	0.08091006036837828
-0.5762329389089207	0.08088512496583733
-0.5659142523324548	0.08085892194154207
-0.5555989967748419	0.0808312820179857
-0.5452873530452647	0.0808022698849804
-0.5349795085865647	0.08077172145597049
-0.5246756638648284	0.08073955482483228
-0.5143760338977699	0.08070563477511654
-0.5040808493959079	0.08066985227389123
-0.4937903571933709	0.08063205968523231
-0.48350482227947567	0.08059211852487576
-0.4732245289639598	0.08054987338708691
-0.4629497864590037	0.0805051012958494
-0.45268091998749144	0.0804576563715583
-0.44241828644791137	0.08040741386111844
-0.4321622707314318	0.08035398236575918
-0.421913279266877	0.08029712634876687
-0.411671762019087	0.0802367509685613
-0.4014382036530158	0.08017239275106398
-0.39121313022649334	0.08010373695602684
-0.38099711225690025	0.0800304068033896
-0.37079076902889385	0.0799519914330515
-0.3605947740640142	0.07986805547079642
-0.3504098626055219	0.07977811342075809
-0.34023683757887285	0.07968161792041571
-0.33007657576709093	0.0795780226731484
-0.31993003360996375	0.07946648263049813
-0.3097982668721804	0.07934626431265401
-0.29968243170531966	0.07921659203960796
-0.289583801084767	0.0790764275872122
-0.27950377912961993	0.0789247391037655
-0.26944390631378284	0.07876031126089338
-0.2594058906426011	0.07858194243787518
-0.24939161512878516	0.07838791893419354
-0.23940317844797612	0.07817661601119624
-0.2294429044043852	0.07794613300649238
-0.2195133763698035	0.07769429885322342
-0.20961747142017875	0.07741866960598463
-0.19975839795342243	0.07711647967277213
-0.18993973909239648	0.0767846141067873
-0.18016550170105117	0.07641954821352216
-0.17044017294351066	0.07601726104582969
-0.16076878141626605	0.07557329424335671
-0.1511569707527482	0.07508243533676405
-0.14161108385010424	0.07453892732965442
-0.13213824720356118	0.07393622115383412
-0.12274647587470272	0.073266924929457
-0.1134447837519264	0.07252277224453953
-0.10424330831267531	0.07169441271847966
-0.09515344413888172	0.07077144842288181
-0.0861879866169401	0.06974233084982673
-0.07736127978877283	0.06859431831401841
-0.06868937073116603	0.0673134754072608
-0.06019015777671193	0.06588473207502313
-0.051883528289207864	0.06429201206573856
-0.043791473332807446	0.06251843907966542
-0.03593816284866933	0.06054683700173451
-0.028349960941179364	0.0583600917060138
-0.02105536813299423	0.05594196110909259
-0.014084853023682753	0.05327800966433649
-0.007470553952353769	0.0503567046840231
-0.0012458253223898035	0.04717075532976942
0.004555395672424055	0.043718543382047496
0.00989940177291193	0.04000554388819631
0.014753710496344389	0.03604567503809964
0.019088208752169412	0.03186229309206576
0.02287639686490225	0.027488714712742307
0.026096658377603634	0.02296807244076756
0.028733460245292965	0.018352389160204735
0.030778386340923593	0.013700840961037086
0.03223090672166214	0.009077410731972027
0.033098807454621126	0.004547971453140465
0.0333982393096537	0.00017726255465821494
0.03315338659489555	-0.003973983201768884
0.032395794245023916	-0.00785146560984365
0.031163427856862415	-0.011409064025793014
0.029499560080510197	-0.0146097765124675
0.02745158497294844	-0.017426109001580377
0.025069828557516046	-0.0198393518505144
0.022406475646510916	-0.02183896285349552
0.019514596535821986	-0.023421390826664047
0.016447337658576488	-0.02458881075297903
0.013257257312672256	-0.025348074473657632
0.009995795665154223	-0.02570973293108552
0.006712848629427143	-0.02568734374446137
0.0034564141792361794	-0.02529703440974582
0.00027228164093561684	-0.02455729501261109
-0.0027962684935236883	-0.02348897018945597
-0.005708772829914809	-0.022115401524545036
-0.008427915637280596	-0.02046262776408222
-0.010919885131351476	-0.018559553224633433
-0.013154751309882695	-0.01643808795554254
-0.015106835989403539	-0.014133116898783079
-0.016755103027331596	-0.011682210444920342
-0.018083455688960862	-0.009125313199126494
-0.019081005841884508	-0.006503949054812817
-0.019742229120913057	-0.0038605090235596805
-0.02006701272356705	-0.0012372794885363177
-0.020060576570133028	0.001324604396585684
-0.019733267559405437	0.003786083212219408
-0.019100237618419856	0.006110997173904384
-0.01818101824340566	0.008267006236828998
-0.016999011004619733	0.010225834071048486
-0.015580936088439891	0.011963775582495862
-0.013956242989561943	0.013461758316621454
-0.012156519848184466	0.014705316729798952
-0.010214915521893464	0.015684415415208396
-0.008165588622545777	0.01639321878436292
-0.006043189133349259	0.016829813504376824
-0.0038823753389096226	0.016995938916922866
-0.0017173636070255739	0.01689674746500343
0.00041849375173694215	0.01654059962511461
0.002493107284946594	0.015938906939078862
0.004476032081915684	0.015106035174297146
0.006338829471125839	0.014058992143346999
0.008055425005551321	0.012817842097318337
0.009602439587891996	0.011404793129191562
0.010959499559442988	0.00984460999239688
0.01210951715115912	0.008164038309747428
0.013038929661991048	0.006391507362522785
0.013737884395105822	0.004556661765818748
0.014200362449823865	0.002689847162208795
0.014424231522466538	0.0008215456319337719
0.014411223700959874	-0.0010182425712648032
0.014166836165777633	-0.0028005971178315095
0.013700157268006295	-0.004498233401289898
0.013023632301416226	-0.006085942902848978
0.012152752794040628	-0.007541145337333607
0.011105728338996507	-0.008843963524081467
0.009903099320915576	-0.009977686936198259
0.008567343563006886	-0.01092872188587411
0.007122464644897563	-0.011686719553719804
0.005593583021838558	-0.01224452797118047
0.00400652990974088	-0.012598139431918495
0.0023874522475753014	-0.012746598590477543
0.0007624294372415813	-0.01269190300291142
-0.0008428962091136631	-0.012438886346409684
-0.0024036731246215	-0.01199508937035349
-0.0038961827175913923	-0.011370702256162279
-0.005298155186168638	-0.010578263553825495
-0.006589094075625124	-0.00963287455611038
-0.007750538982602856	-0.008551516348908068
-0.008766339328180729	-0.007353221042477782
-0.009622876684544653	-0.006058652902122055
-0.010309257770758848	-0.004689798156215794
-0.010817462615993948	-0.00326964966504446
-0.01114244537133671	-0.0018217658418517933
-0.011282180990748162	-0.00036986873986944206
-0.011237658019250306	0.0010625994716396796
-0.01101281558196144	0.0024529044641642215
-0.010614425458538738	0.0037794373092550977
-0.010051932678347718	0.005022003437731999
-0.009337230825432105	0.0061623953198936725
-0.00848442646461486	0.007184223388175077
-0.007509558370267029	0.008073595773596225
-0.006430294551061593	0.008818895310771822
-0.00526562054023792	0.009411093038021097
-0.004035513912595857	0.0098436744580912
-0.002760618635407306	0.010112705673482738
-0.0014619191309608785	0.010216777952607706
-0.00016041973421165078	0.010156977771274852
0.0011231689496757301	0.009936810997242064
0.0023687338662865096	0.00956212289015567
0.003557051593787493	0.009040994735879508
0.004670066227566339	0.008383623823652793
0.005691150241709155	0.007602173937643072
0.006605345706390978	0.006710621889651426
0.0073995810564207315	0.005724528042690062
0.00806285988113367	0.0046608172595924485
0.008586417736483451	0.0035375031995584084
0.008963842486894783	0.002373391277698704
0.009191155037284827	0.0011877552480027208
0.009266847740578099	-1.594454819911495e-17