-0.7071067811865479	1.224744871391589
-0.6331051246615246	0.37996805116519017
-0.6029551419234168	0.1969670622499642
-0.5853728956102575	0.13018924182016425
-0.572679533778513	0.10259455502110096
-0.5620549297265216	0.09062684590054967
-0.5523388689856512	0.08529497636831297
-0.5430313252584541	0.08286963170813634
-0.5339113075973642	0.08174231973391778
-0.5248794765352692	0.0812031013869352
-0.515890588704883	0.08093340778763676
-0.5069238244600747	0.08078831772183392
-0.49796953795679244	0.08070104855237437
-0.48902326022445886	0.08064043728287372
-0.48008295219172087	0.0805917425980166
-0.47114773182328396	0.08054788419789462
-0.46221727835666715	0.08050537900959524
-0.4532915498934427	0.08046246452234018
-0.4443706490111847	0.08041819799415548
-0.4354547591341252	0.08037202652414432
-0.4265441123086527	0.0803235901223066
-0.41763897636489766	0.08027260114205656
-0.4087396469647674	0.08021883060148753
-0.39984644606952124	0.08016203976635757
-0.3909597221336626	0.08010199103142562
-0.3820798506162985	0.08003842687204993
-0.3732072361886387	0.07997106747648403
-0.36434231473883905	0.07989963337160484
-0.3554855571863428	0.07982379661731895
-0.34663746767040704	0.07974321548219714
-0.3377985962521992	0.07965752464431312
-0.32896953239234233	0.07956624615952046
-0.3201509189654632	0.07946899149930901
-0.3113434497710186	0.0793651854129029
-0.30254787652674225	0.07925433319932448
-0.2937650214458206	0.07913578463023245
-0.2849957638936755	0.07900889493716376
-0.27624107910567297	0.07887294052907369
-0.2675020146606082	0.07872698760925446
-0.2587797249701126	0.07857029521894751
-0.2500754675092927	0.07840163178814642
-0.24139061012929972	0.07822016340584469
-0.23272666123132146	0.0780244505601659
-0.2240852654345468	0.07781312568260697
-0.21546823515087718	0.07758474856055837
-0.20687756104440239	0.07733759593593222
-0.19831542746194453	0.07706967785383556
-0.18978424014026737	0.07677907622339986
-0.18128665467003915	0.07646332910799349
-0.1728256005587825	0.07611984491399391
-0.16440431142128623	0.07574569747294756
-0.15602636070356157	0.07533766337629527
-0.14769570101185187	0.07489216593772884
-0.13941670666845526	0.074405238229033
-0.1311942202687145	0.07387234987229371
-0.12303360376522168	0.07328857679291735
-0.11494080139222865	0.07264843720588092
-0.10692239247103306	0.0719458893020929
-0.09898566123638158	0.07117428687552964
-0.09113866593482385	0.07032630450350685
-0.0833903123069426	0.0693939748557595
-0.07575043042976697	0.06836860962300773
-0.06822984910994395	0.06724087265896198
-0.06084046937517358	0.06600078334608356
-0.05359533138234628	0.06463778797143274
-0.04650867237369187	0.06314088317240873
-0.03959596752464971	0.06149878427498437
-0.03287394814738313	0.05970016725406511
-0.026360590292684356	0.057733953494808
-0.020075059557215127	0.05558984746760731
-0.014037610154152445	0.05325860387207305
-0.008269424318997704	0.0507328589806646
-0.002792378239791153	0.048007536239565635
0.0023712611467928708	0.0450808162202023
0.00719922699017763	0.0419546460047918
0.011669719048432378	0.03863555267298851
0.015761938352878015	0.03513522421813293
0.019456679215778084	0.03147075320653526
0.022736966677498013	0.0276651525043557
0.02558867451342574	0.02374687640013103
0.02800112782722877	0.01974956086615819
0.0299676286673525	0.015711128076025028
0.03148587347984182	0.011672684425084897
0.03255823364089151	0.0076772013873182615
0.03319187556338687	0.0037679377278934676
0.03339871232736064	-0.00001303114593256393
0.03319519591057573	-0.0036261105662885994
0.03260196560182999	-0.007035603138252782
0.03164337580354694	-0.010210285027674453
0.030346958773026907	-0.013124144130358863
0.028742834580791934	-0.015756530619464026
0.02686311846968614	-0.018092077579516738
0.024741351720801816	-0.02012036499331144
0.022411978261674764	-0.02183544469609575
0.01990988027979194	-0.023235260846026683
0.017269980273753028	-0.024321040098170738
0.014526907837694326	-0.02509674519023709
0.011714724916879662	-0.02556858226233516
0.00886669992550789	-0.025744604842129367
0.006015118953295185	-0.02563443735248059
0.0031911216066134772	-0.025249108975930138
0.00042454996091331954	-0.02460098586822326
-0.002256199782767745	-0.023703784027358392
-0.00482432994225732	-0.022572631929942688
-0.007254803701486201	-0.02122417276770147
-0.00952451885853915	-0.019676668512464468
-0.011612491733315826	-0.017950071377520832
-0.013500047820183837	-0.01606606773180349
-0.015171003032193146	-0.014047900798467742
-0.016611856151388996	-0.011920595693713227
-0.017811934051209427	-0.009710207830804438
-0.0187635258802456	-0.007443941878472526
-0.01946196929827896	-0.005149540728152719
-0.019905692031605225	-0.0028548954470726633
-0.020096199189783653	-0.0005875390197763984
-0.02003800614713001	0.0016258529918684798
-0.01973851719694214	0.003759933605475615
-0.019207854126784024	0.00579110989177376
-0.018458644940319804	0.007697850357580696
-0.017505768801210898	0.009461069405668989
-0.016366089415088377	0.0110641474460169
-0.01505816465847641	0.01249313372404469
-0.013601952569700763	0.013736723332642186
-0.012018519647475476	0.014786219886496064
-0.010329756781974342	0.015635431527185276
-0.00855810803758364	0.016280552567007032
-0.00672631376486675	0.016720026574114005
-0.004857168354298377	0.016954409361068106
-0.002973293395145428	0.01698624420496796
-0.0010969233819902973	0.01681995261217993
0.0007502975663994131	0.01646174644960024
0.0025475100421150395	0.01591955456891247
0.004274826561405139	0.015202965328309915
0.005913512402005015	0.014323170500169896
0.007446160299398179	0.013292907401217432
0.008856857800933836	0.012126378874476276
0.01013134575735709	0.010839191386284896
0.011257164754344077	0.00944818100137562
0.01222378604992551	0.007971270699032498
0.013022722652920952	0.006427307976039746
0.013647616547273173	0.004835840553351333
0.01409429742933116	0.0032167302837320523
0.014360813087392833	0.001590044434203913
0.014447427142066364	-0.000024363336315312686
0.014356582184147516	-0.0016071022583232903
0.014092831380672105	-0.0031395468505885115
0.013662738928979274	-0.004604096947750792
0.013074752668799667	-0.005984409281469561
0.012339054892890814	-0.0072656269187436175
0.011467385086750433	-0.008434464264911701
0.01047286228407872	-0.009479392120952664
0.00936978586209205	-0.010390667498654546
0.008173434044152376	-0.011160375178505271
0.006899860203216518	-0.011782446310589407
0.005565689322044342	-0.01225263194664787
0.004187918164315509	-0.012568474735108373
0.002783719563016119	-0.012729253100577136
0.0013702515732469153	-0.0127359394930276
-0.00003552662295397404	-0.012591141895331101
-0.0014170330892601469	-0.012299045994350121
-0.0027582350102485515	-0.011865358108023721
-0.004043814045984308	-0.011297246237444705
-0.005259324290292561	-0.010603261284580695
-0.006391343068255612	-0.009793302489651217
-0.00742761217977542	-0.008878443528174804
-0.008357166156807774	-0.007870906802556692
-0.009170451097548512	-0.006783904030688045
-0.009859425783081214	-0.005631485609848486
-0.010417646981257451	-0.0044283722651229426
-0.010840333671364139	-0.0031897972073214723
-0.011124410238042053	-0.0019312607151633766
-0.011268527668087228	-0.0006683423938809315
-0.011273059312946244	0.000583502973868181
-0.011140073711299922	0.0018091896772343555
-0.01087328398349808	0.0029941844632014884
-0.010477974262326162	0.00412471104147092
-0.00996090700391162	0.0051879280783305665
-0.009330210775428279	0.006172047411180025
-0.008595255064720345	0.007066502959675054
-0.007766510202516615	0.00786202107159382
-0.006855399448783746	0.008550703025161253
-0.005874143630177595	0.009126071695958944
-0.00483560126427132	0.009583102938312146
-0.0037531069713299193	0.009918235539560722
-0.002640309357820907	0.010129367342956663
-0.0015110099561619526	0.010215840729478932
-0.00037900446189252656	0.010178412014572645
0.0007420723883330266	0.010019227509813301
0.0018388985244346533	0.009741760073175884
0.0028986105840848055	0.009350801232072988
0.0039089452642717785	0.008852398756527283
0.004858371746637701	0.008253642183250297
0.005736217533730596	0.007562990571261355
0.006532792180649275	0.006789604329055468
0.007239481843213623	0.00594376027000035
0.007848852128981957	0.005036426609587404
0.008354725177942076	0.004079264534134659
0.008752245311041738	0.0030844370078793003
0.009037926480677375	0.0020644605108158074
0.009209686866484787	0.0010320829221138572
0.009266854612624808	8.673617379884035e-18