-0.32774971198485925	1.3757107712239678
-0.274024936340531	0.7029083038979881
-0.2422480726061422	0.4703714076616554
-0.2196549821904883	0.35318863580943743
-0.20210612785369875	0.28309344062788333
-0.1877277178063279	0.23680847712072303
-0.1755113244019773	0.20421190652868784
-0.16485245084144667	0.18018905465898882
-0.15536097992731432	0.1618747058681226
-0.1467712886464396	0.14753821536494674
-0.13889504390149796	0.13607305923113125
-0.13159444356667593	0.12673862739242628
-0.12476609068410027	0.11902104451470824
-0.11833082493999102	0.11255265792825365
-0.1122270216530552	0.10706420179430914
-0.1064060554537156	0.10235362741200195
-0.10082912406082699	0.09826705472616223
-0.09546497894394002	0.09468505319436518
-0.0902882708154842	0.09151357776340223
-0.08527831840067726	0.08867791574177389
-0.08041817855512476	0.08611780742150318
-0.07569393158506582	0.08378422596222532
-0.07109413894310689	0.08163680482030518
-0.0666094032802551	0.0796421095325588
-0.062232029464650375	0.07777217337969619
-0.05795575144986002	0.0760034296344447
-0.053775512410376085	0.0743158438440357
-0.0496872862797973	0.07269229303476492
-0.045687931865348565	0.07111807113147753
-0.041775067885024546	0.06958035142414364
-0.037946981569110104	0.06806803733449898
-0.0342025367744092	0.06657138370352425
-0.03054110577599838	0.06508181635233899
-0.026962508282979483	0.06359178898667768
-0.023466958068306506	0.06209466666226763
-0.020055017302696557	0.06058455547515326
-0.016727555845387005	0.059056267156446636
-0.01348571414003553	0.0575052499941129
-0.010330869398515812	0.05592753597884366
-0.0072646041043885464	0.0543197067187872
-0.004288676164923489	0.05267887110428162
-0.0014049902968309878	0.051002639109638266
0.0013844300140165287	0.04928912420099325
0.004077469639793048	0.04753692839743329
0.006671949791181568	0.04574514334905421
0.009165654328717184	0.043913354880866756
0.011556357895640391	0.04204162518503486
0.013841852850946752	0.040130552237274325
0.01601997729295433	0.0381811598624306
0.018088641918983506	0.0361950464999529
0.020045856993759863	0.034174201945522634
0.02188976128363761	0.03212122126341204
0.023618646272749372	0.030039027447370536
0.025230979906501652	0.02793105465513802
0.026725434513512464	0.025801157685583356
0.028100906899579836	0.023653590097294792
0.02935653939151092	0.02149292894162808
0.03049173890776497	0.019324064850576698
0.03150619255982789	0.017152182146453678
0.03239988064522624	0.014982667035933903
0.03317308785002192	0.012821041345318755
0.033826410471249256	0.010672954092010842
0.034360759750844565	0.008544114139812823
0.0347773642450853	0.006440195402094664
0.03507776669204207	0.004366812017072517
0.03526381907276756	0.0023294585616756287
0.035337674442790346	0.0003334577545943849
0.03530177610893882	-0.001616083901056681
0.03515884440648263	-0.0035143157676364423
0.034911861400302585	-0.005356685281002816
0.034564053447910435	-0.007138959713273664
0.03411887313440823	-0.008857247885161729
0.03357997926029925	-0.010508022092456694
0.032951216953553845	-0.012088120153616004
0.0322365964667398	-0.013594752621395135
0.031440273875871096	-0.01502550682700811
0.030566525812519924	-0.016378372700464182
0.029619737101326885	-0.017651555003129094
0.0286043766351646	-0.01884375587571894
0.027524980012840136	-0.01995392600185817
0.026386132346224524	-0.02098132079144405
0.025192452245975928	-0.021925470958235174
0.023948577395261413	-0.02278615138566906
0.022659149543989093	-0.023563423869401023
0.021328803121522914	-0.024257482275705837
0.019962156433577172	-0.024868766904729056
0.018563796276330462	-0.02539788489384052
0.01713827432058088	-0.025845563572387813
0.01569009510994007	-0.026212710579119204
0.014223711739057052	-0.026500306111444712
0.012743517853484987	-0.02670948043665304
0.011253842660027163	-0.02684143217540066
0.009758945667033687	-0.026897461608807783
0.008263011726092095	-0.026878954595899777
0.006770146816111593	-0.026787357612697002
0.005284373671131493	-0.026624223754831047
0.003809627277555082	-0.026391143446640584
0.002349751570600631	-0.026089814455649184
0.0009084943198294754	-0.025721984456317983
-0.0005104965851979868	-0.025289507235873233
-0.0019036780804675205	-0.024794292306189573
-0.0032676164178072065	-0.024238365168823068
-0.004598992206875075	-0.023623812352435915
-0.005894605823445236	-0.022952851017182585
-0.007151381818609102	-0.022227744363499537
-0.008366377668514603	-0.021450977209114697
-0.009536787547465078	-0.02062500328058137
-0.010659945005381236	-0.019752408720856214
-0.011733335163145321	-0.018835994847109627
-0.012754598440493549	-0.017878586565257124
-0.013721536364832258	-0.01688314124475517
-0.014632117964538824	-0.01585272336918922
-0.015484485631061804	-0.014790502505140565
-0.016276960742837517	-0.013699739308145248
-0.017008048662322903	-0.012583790537215209
-0.017676443602305185	-0.011446089489618373
-0.01828103269199545	-0.0102901375913805
-0.01882089944404878	-0.009119491854928071
-0.019295326498729403	-0.0079377515763133
-0.019703797561328163	-0.00674854386483298
-0.020045998484425506	-0.005555507631318467
-0.020321817479934473	-0.004362277698496461
-0.02053134441692764	-0.003172469085693159
-0.020674869130528187	-0.001989656693771148
-0.020752878862728502	-0.0008173471831065841
-0.020766054272444434	0.0003409937394801127
-0.02071526583354739	0.0014820232888350634
-0.020601568157506092	0.002602467460137783
-0.02042619373536997	0.0036991910882936616
-0.020190546692970022	0.004769180333343713
-0.0198961946799341	0.005809554280154915
-0.0195448613838085	0.006817592339212689
-0.019138417748852457	0.007790722297640718
-0.01867887293596399	0.008726543794653542
-0.018168365187980644	0.009622816899050415
-0.017609152545282954	0.01047748098800901
-0.01700360254887699	0.011288646440827997
-0.01635418348310542	0.012054599155777454
-0.015663453311154915	0.012773805680094223
-0.014934051510562034	0.013444893696763282
-0.014168687829179209	0.014066681625337888
-0.013370134531492696	0.01463812902397788
-0.012541215573164725	0.015158392260896367
-0.01168479901807093	0.015626749923672724
-0.010803787190735815	0.016042673866388878
-0.009901108794291253	0.016405753848084
-0.008979710519989541	0.016715746852611752
-0.008042549022609693	0.016972538936907137
-0.007092583401943499	0.01717615522795908
-0.006132767727096207	0.017326750561749805
-0.005166043789610732	0.017424609873017347
-0.004195334249630342	0.01747013684399751
-0.003223535877165866	0.01746385835346206
-0.0022535128804816625	0.017406417246406673
-0.001288090505215172	0.01729857056479998
-0.0003300489143152482	0.0171411830786798
0.000617883045646411	0.01693523446538516
0.0015530338435614617	0.016681803314786314
0.0024727949974187435	0.016382085706584955
0.003374627652200038	0.01603737473799158
0.004256066941029012	0.015649054627893667
0.0051147291314353645	0.015218644096558258
0.005948316145474015	0.014747706256533545
0.006754621006016297	0.014237968828597635
0.007531534962325809	0.01369120685870682
0.00827704997802756	0.013109290130559052
0.008989264824669014	0.012494183736820649
0.009666390951059806	0.011847965696182202
0.010306755811584602	0.011172736256474587
0.010908808060898074	0.010470749088500727
0.011471121376540834	0.00974424329485592
0.011992398172808219	0.008995614626995175
0.012471473513808218	0.008227223069704442
0.01290731735615946	0.0074415765283844726
0.013299038430270799	0.0066411304027022
0.013645884812928142	0.005828469599428597
0.013947247708310094	0.005006117346503421
0.014202660326293543	0.0041766965760531745
0.014411801197693745	0.003342760991455038
0.014574491332613996	0.0025069279747792035
0.01469069704827738	0.0016717596523302396
0.014760526729425714	0.000839828532342147
0.014784230326926434	0.00001364133994027363
0.014762197262623079	-0.0008043014047074047
0.01469495340103186	-0.0016115790473366278
0.0145831588298862	-0.0024058074248745026
0.014427603856944164	-0.0031846708129685416
0.014229205049801026	-0.0039459703663216345
0.013988999383300638	-0.004687546691531921
0.013708143563775697	-0.005407278176166265
0.013387907344116845	-0.006103227405585685
0.013029661383103845	-0.006773670289805892
0.012634877351110888	-0.00741673066852095
0.012205126098311092	-0.008030680704533503
0.011742068515866054	-0.008614101214385274
0.011247442256099574	-0.009165552518571835
0.010723062605404515	-0.009683723700737654
0.010170814050655222	-0.010167429016457098
0.009592643700062504	-0.010615616342559269
0.008990554031142775	-0.01102732958862435
0.008366600265340758	-0.01140175425099138